8487,64,3
2906,64,4
6950,64,3
401,64,1
7842,64,2
9341,64,3
9844,64,5
8310,64,3
2440,64,3
7100,64,5
4411,64,1
7995,64,4
5628,64,5
6274,64,3
6764,64,5
8575,64,2
5969,64,2
7426,64,2
7828,64,1
7179,64,2
3068,65,4
8068,65,5
246,65,1
6139,65,2
6181,65,4
8574,65,3
4479,65,2
3075,65,1
9933,65,4
463,65,1
1894,65,4
5020,65,4
9748,65,5
6004,65,3
8871,65,5
9519,65,2
7791,65,3
2797,65,4
4178,65,1
1852,65,4
2445,66,2
585,66,3
3338,66,2
6401,66,3
1415,66,5
3596,66,5
9788,66,1
7819,66,5
4558,66,4
6621,66,5
7369,66,5
9999,66,3
1864,66,3
9867,66,2
3703,66,5
4398,66,5
6556,66,3
2044,66,1
1466,66,4
5978,66,5
9087,67,1
3422,67,2
753,67,4
6839,67,5
4189,67,4
5867,67,1
8521,67,4
9390,67,4
9658,67,4
6380,67,4
6273,67,2
9510,67,4
8609,67,1
3991,67,2
3424,67,4
1839,67,4
3669,67,3
5340,67,3
5679,67,2
8979,67,1
5433,68,3
1035,68,2
9308,68,1
3668,68,4
6397,68,3
7192,68,1
1602,68,3
10,68,2
5629,68,5
1199,68,5
7291,68,1
1440,68,5
6633,68,4
5714,68,5
5236,68,4
4713,68,1
6992,68,3
8623,68,5
1896,68,2
6417,68,2
1835,69,2
3443,69,1
2143,69,4
8680,69,5
5201,69,4
6883,69,5
8687,69,2
8728,69,1
4443,69,3
694,69,1
4794,69,3
2910,69,2
311,69,1
3386,69,4
7785,69,4
3188,69,5
3279,69,2
1461,69,5
2000,69,4
383,69,3
9889,242,2
5415,242,2
6358,242,4
7731,242,2
8746,242,4
5235,242,3
1351,242,1
4497,242,5
8283,242,2
8194,242,4
8629,242,2
6341,242,5
2680,242,4
1362,242,5
3806,242,1
4290,242,5
7788,242,1
490,242,5
2378,242,4
35,242,1
4164,243,4
3566,243,5
3598,243,3
6049,243,3
1930,243,4
359,243,1
6476,243,4
8202,243,1
5737,243,1
1620,243,3
5297,243,1
8222,243,1
9568,243,4
6756,243,1
8255,243,3
3824,243,2
5649,243,4
8131,243,1
2650,243,3
9640,243,1
5096,244,4
7472,244,2
5081,244,3
9740,244,1
3625,244,3
6132,244,5
4185,244,3
9239,244,4
8383,244,2
5410,244,3
3608,244,2
5629,244,3
153,244,3
613,244,2
7176,244,4
7907,244,4
8975,244,3
7688,244,2
6128,244,5
7739,244,3
306,245,2
9852,245,1
8306,245,5
6594,245,1
2271,245,1
1336,245,4
5804,245,2
8195,245,2
3480,245,4
8597,245,2
2797,245,5
3749,245,2
9093,245,5
7338,245,5
2441,245,3
8533,245,1
7984,245,3
4110,245,3
3115,245,4
1552,245,5
4295,246,4
4540,246,3
7742,246,4
3980,246,4
4800,246,1
2615,246,4
3861,246,2
4148,246,4
9152,246,5
3047,246,5
5804,246,3
3336,246,3
146,246,3
1380,246,5
2411,246,3
6050,246,3
7896,246,5
3490,246,2
2265,246,1
5352,246,3
8274,247,1
1032,247,2
8243,247,2
7601,247,5
2859,247,1
853,247,2
3179,247,5
4909,247,2
4117,247,3
3572,247,5
2320,247,1
1292,247,3
4199,247,1
176,247,4
2401,247,3
291,247,2
6782,247,1
4745,247,2
1324,247,5
3311,247,2
2553,248,1
9064,248,1
7418,248,5
9976,248,5
3073,248,4
6306,248,3
7569,248,3
6393,248,2
6915,248,4
3468,248,1
1842,248,2
8940,248,2
6485,248,1
15,248,2
9217,248,3
4770,248,3
7457,248,2
6424,248,3
6418,248,4
1936,248,4
7517,415,2
9959,415,3
7369,415,3
6146,415,3
899,415,4
6198,415,1
209,415,1
2487,415,1
105,415,5
1094,415,4
7168,415,2
4918,415,3
1817,415,3
8184,415,4
6307,415,3
4917,415,3
6459,415,1
2330,415,1
2407,415,2
6008,415,3
194,416,2
4760,416,3
7411,416,4
158,416,2
5032,416,1
617,416,2
8473,416,2
3936,416,3
1002,416,1
5417,416,5
9489,416,4
1594,416,3
1612,416,4
8595,416,5
5908,416,4
856,416,5
8371,416,1
5351,416,2
4105,416,3
1787,416,1
1573,520,4
4928,520,3
8076,520,4
446,520,4
2002,520,1
4131,520,1
3662,520,3
3021,520,4
6755,520,3
7261,520,5
5282,520,3
1344,520,2
4237,520,4
7544,520,3
7718,520,5
4195,520,4
9283,520,4
5000,520,5
7021,520,1
232,520,4
3240,631,5
7806,631,4
6936,631,1
1875,631,5
4957,631,3
1747,631,1
3304,631,2
4941,631,1
3928,631,1
6474,631,3
3403,631,4
6521,631,4
1962,631,5
1001,631,4
7423,631,4
3481,631,4
6774,631,3
9344,631,1
882,631,2
5471,631,5
5606,754,2
3270,754,2
4404,754,2
1064,754,1
387,754,3
8764,754,3
6820,754,2
386,754,2
3299,754,5
600,754,3
6865,754,1
6531,754,2
9806,754,4
7772,754,2
7909,754,2
2695,754,5
7004,754,5
6153,754,3
4531,754,4
7514,754,2
8887,755,2
8121,755,3
1373,755,1
1271,755,3
3966,755,1
5238,755,5
7725,755,3
3952,755,3
597,755,3
887,755,1
1890,755,1
7707,755,3
5612,755,1
5404,755,2
6821,755,5
8966,755,1
4037,755,4
3793,755,5
1074,755,5
6187,755,4
6935,867,1
9182,867,4
302,867,3
6733,867,4
9985,867,5
8893,867,5
6521,867,3
3738,867,4
4430,867,5
354,867,3
9358,867,2
7118,867,1
1123,867,5
2279,867,1
5590,867,1
6338,867,1
2288,867,1
1307,867,5
7902,867,4
5821,867,5
7936,868,2
7626,868,2
642,868,2
318,868,5
5698,868,1
2611,868,2
7068,868,3
68,868,3
8710,868,2
9922,868,5
8838,868,1
892,868,1
6754,868,3
4612,868,4
9639,868,2
4482,868,2
647,868,2
5196,868,1
4796,868,2
3359,868,4
1352,1013,2
3782,1013,5
8946,1013,3
2073,1013,2
4021,1013,5
1152,1013,3
9259,1013,4
7669,1013,1
5786,1013,2
4096,1013,2
2355,1013,3
3347,1013,3
3225,1013,3
8855,1013,4
8287,1013,4
7743,1013,4
8437,1013,1
8080,1013,5
5943,1013,4
7827,1013,5
2448,1014,4
1541,1014,2
8941,1014,5
7981,1014,1
272,1014,2
7576,1014,3
9639,1014,4
713,1014,1
1736,1014,2
7803,1014,3
3180,1014,1
801,1014,4
6094,1014,3
6357,1014,1
8030,1014,4
3733,1014,5
5724,1014,3
7090,1014,3
8900,1014,3
2351,1014,5
243,1015,4
3066,1015,1
1649,1015,2
5301,1015,4
610,1015,5
9569,1015,5
5554,1015,4
5591,1015,3
43,1015,4
9197,1015,3
5567,1015,2
5125,1015,3
6957,1015,2
9465,1015,4
1401,1015,4
2524,1015,4
8264,1015,1
3412,1015,4
5020,1015,5
688,1015,4
5009,1016,5
6606,1016,2
8895,1016,1
8004,1016,3
3456,1016,5
2205,1016,1
7665,1016,3
8074,1016,4
5626,1016,3
1149,1016,4
5547,1016,1
9289,1016,3
290,1016,5
8379,1016,3
3596,1016,2
748,1016,4
932,1016,5
7034,1016,1
4679,1016,1
2566,1016,4
589,1017,2
5022,1017,4
7491,1017,3
658,1017,2
4293,1017,1
2436,1017,2
4016,1017,3
621,1017,5
7897,1017,1
9831,1017,5
4371,1017,2
9154,1017,2
3602,1017,2
4891,1017,3
3850,1017,1
4208,1017,1
5745,1017,4
4911,1017,2
9965,1017,2
819,1017,3
5690,1018,2
7400,1018,4
7844,1018,1
1619,1018,1
3926,1018,2
4746,1018,3
6280,1018,4
7030,1018,4
7383,1018,3
6941,1018,2
1000,1018,1
8375,1018,4
7077,1018,1
4063,1018,3
9649,1018,4
6753,1018,2
674,1018,4
5906,1018,2
5228,1018,2
4801,1018,4
4138,1019,1
6887,1019,3
4403,1019,1
1862,1019,1
7877,1019,1
280,1019,4
755,1019,2
230,1019,1
3019,1019,5
3491,1019,4
3622,1019,4
7879,1019,3
5117,1019,5
1505,1019,2
5579,1019,1
1659,1019,2
2213,1019,5
8116,1019,1
1811,1019,5
2613,1019,5
520,1020,3
3608,1020,3
3697,1020,5
3079,1020,1
3872,1020,5
5913,1020,4
1624,1020,3
2172,1020,4
2485,1020,1
9025,1020,5
8852,1020,1
4622,1020,5
7188,1020,2
1840,1020,5
3767,1020,3
3296,1020,5
8003,1020,3
916,1020,2
7593,1020,3
8397,1020,3
855,1021,5
9110,1021,1
4218,1021,2
3519,1021,4
2768,1021,3
7185,1021,5
5986,1021,1
8263,1021,3
5633,1021,2
5480,1021,2
1437,1021,2
4563,1021,1
863,1021,1
2444,1021,5
4194,1021,3
7081,1021,3
3671,1021,4
9457,1021,1
1164,1021,5
3068,1021,4
2176,1022,1
7987,1022,4
9756,1022,2
9425,1022,2
1592,1022,3
4365,1022,1
9729,1022,2
6380,1022,3
4899,1022,5
2993,1022,4
2432,1022,5
8244,1022,1
9749,1022,2
8928,1022,2
2915,1022,1
7985,1022,3
8178,1022,2
7500,1022,2
3676,1022,5
4371,1022,4
6495,1023,1
4585,1023,5
8576,1023,5
7970,1023,2
8718,1023,3
1958,1023,5
110,1023,5
9416,1023,2
6050,1023,3
5281,1023,1
7327,1023,1
7377,1023,3
8769,1023,2
162,1023,1
704,1023,2
6066,1023,5
4006,1023,3
6981,1023,5
8366,1023,3
8311,1023,3
2703,1157,5
181,1157,4
6510,1157,5
1355,1157,2
9165,1157,2
4923,1157,1
7966,1157,5
9280,1157,5
537,1157,2
4742,1157,4
6972,1157,2
7655,1157,4
2759,1157,1
6485,1157,2
2869,1157,5
1608,1157,4
6202,1157,4
2755,1157,3
3857,1157,3
3173,1157,4
5479,1158,4
1767,1158,2
35,1158,3
2866,1158,3
71,1158,5
1811,1158,1
19,1158,1
9911,1158,3
5977,1158,4
9233,1158,2
3148,1158,5
6829,1158,3
2209,1158,5
8004,1158,2
6649,1158,2
5212,1158,3
7512,1158,5
520,1158,2
8002,1158,2
5040,1158,5
4686,1306,1
7659,1306,1
6113,1306,4
4661,1306,3
151,1306,3
9178,1306,3
1931,1306,5
5110,1306,5
2097,1306,4
77,1306,2
2456,1306,2
286,1306,1
9192,1306,4
6731,1306,1
3875,1306,1
5156,1306,1
4873,1306,5
1930,1306,4
5388,1306,3
8685,1306,2
9735,1307,5
9442,1307,4
3064,1307,5
3466,1307,3
5208,1307,2
9477,1307,4
5572,1307,2
5861,1307,3
3541,1307,3
2132,1307,5
5414,1307,3
6800,1307,5
2509,1307,3
4204,1307,5
2468,1307,2
7896,1307,3
6344,1307,1
140,1307,1
6922,1307,4
8415,1307,2
7017,1308,3
6519,1308,2
3984,1308,4
3198,1308,5
2183,1308,5
499,1308,1
7808,1308,3
3704,1308,2
2012,1308,1
4461,1308,4
8756,1308,2
7770,1308,4
9012,1308,5
2227,1308,3
6198,1308,4
5844,1308,4
4903,1308,4
353,1308,2
422,1308,2
1558,1308,4
108,1309,2
7778,1309,1
2286,1309,5
2337,1309,2
5515,1309,5
2388,1309,1
4303,1309,1
1107,1309,2
4697,1309,4
6800,1309,2
678,1309,1
2888,1309,1
570,1309,4
5888,1309,4
8957,1309,1
9992,1309,5
2999,1309,3
9951,1309,5
2420,1309,4
6716,1309,4
8768,1310,2
3175,1310,2
9303,1310,5
5949,1310,2
6637,1310,4
7531,1310,5
8494,1310,1
8957,1310,3
2009,1310,3
6942,1310,5
9007,1310,1
8704,1310,2
7794,1310,4
2076,1310,2
4686,1310,4
1672,1310,1
4691,1310,3
7855,1310,4
6134,1310,3
6442,1310,4
3975,1311,2
2582,1311,1
1673,1311,1
217,1311,1
9694,1311,1
469,1311,5
3147,1311,1
6005,1311,5
6065,1311,5
8456,1311,3
9640,1311,1
2348,1311,5
8835,1311,3
9050,1311,1
5700,1311,5
8825,1311,2
2350,1311,1
2196,1311,5
4823,1311,4
4655,1311,3
1615,1312,2
9830,1312,5
7558,1312,3
3528,1312,4
5506,1312,5
7182,1312,2
1318,1312,5
547,1312,3
4251,1312,5
8299,1312,5
7083,1312,3
4769,1312,5
7079,1312,4
4399,1312,5
2680,1312,1
3303,1312,4
4731,1312,1
5368,1312,4
5698,1312,5
3577,1312,1
8536,1453,4
9061,1453,5
3877,1453,1
4880,1453,4
1642,1453,1
7632,1453,3
3875,1453,3
46,1453,5
362,1453,4
9974,1453,2
9482,1453,1
5658,1453,3
8901,1453,2
2342,1453,3
2965,1453,4
9543,1453,2
789,1453,3
5593,1453,4
6759,1453,3
7009,1453,2
786,1454,2
8076,1454,4
6935,1454,3
7988,1454,4
3566,1454,1
1139,1454,4
8038,1454,2
3510,1454,4
39,1454,2
5393,1454,5
9887,1454,3
1251,1454,5
2983,1454,1
3205,1454,4
9144,1454,1
2333,1454,3
2410,1454,3
9745,1454,1
8046,1454,3
2943,1454,4
9356,1455,1
7349,1455,4
167,1455,1
2264,1455,5
7505,1455,5
8108,1455,3
9818,1455,3
4644,1455,1
4004,1455,2
2870,1455,1
733,1455,2
9060,1455,4
3565,1455,2
9248,1455,1
5344,1455,5
205,1455,1
2228,1455,1
8107,1455,2
3665,1455,1
5872,1455,4
3900,1456,1
3982,1456,3
3401,1456,3
8139,1456,2
3946,1456,5
6578,1456,4
1009,1456,3
8234,1456,1
4851,1456,1
97,1456,5
5310,1456,1
2936,1456,2
1557,1456,4
5015,1456,5
5700,1456,3
5709,1456,4
5675,1456,4
2015,1456,4
2856,1456,2
2785,1456,5
466,1457,2
1436,1457,2
3162,1457,3
1428,1457,2
147,1457,2
4352,1457,4
1633,1457,1
6955,1457,4
4013,1457,5
2344,1457,5
1730,1457,2
7727,1457,3
8587,1457,3
7639,1457,5
9328,1457,4
756,1457,5
2742,1457,1
6744,1457,4
6717,1457,3
7637,1457,5
2720,1564,3
723,1564,1
434,1564,4
4933,1564,5
5769,1564,4
7178,1564,4
6512,1564,1
1842,1564,5
4490,1564,5
6487,1564,3
1404,1564,2
8018,1564,4
6950,1564,4
4258,1564,3
3410,1564,1
8863,1564,4
6606,1564,2
7388,1564,2
1963,1564,1
6859,1564,2
8111,1565,1
1644,1565,3
7317,1565,4
6007,1565,5
6398,1565,1
8016,1565,4
7483,1565,1
8744,1565,3
8058,1565,1
6680,1565,2
5855,1565,1
3152,1565,3
6604,1565,3
9083,1565,1
3029,1565,5
8715,1565,5
8471,1565,5
7986,1565,3
154,1565,1
2727,1565,2
5302,1566,5
3693,1566,1
7035,1566,4
6029,1566,3
897,1566,3
5978,1566,3
2868,1566,2
667,1566,3
4016,1566,1
509,1566,1
2458,1566,2
232,1566,1
5159,1566,1
7424,1566,2
3938,1566,2
1205,1566,1
3955,1566,1
3139,1566,2
2655,1566,5
7875,1566,1
5656,1567,2
2014,1567,2
4088,1567,4
1414,1567,4
6500,1567,1
9144,1567,2
7516,1567,4
6310,1567,1
7592,1567,3
1737,1567,2
8309,1567,5
6129,1567,1
9880,1567,4
9741,1567,5
47,1567,2
9527,1567,3
4123,1567,1
9450,1567,2
4297,1567,4
7719,1567,2
1690,1568,1
4439,1568,2
1281,1568,2
9801,1568,4
9806,1568,4
2884,1568,3
9874,1568,3
3566,1568,1
3484,1568,1
1550,1568,2
9085,1568,1
9346,1568,5
4429,1568,3
3262,1568,1
1808,1568,1
5940,1568,1
8678,1568,2
742,1568,2
4443,1568,2
6149,1568,4
5335,1569,4
4926,1569,2
3827,1569,2
7121,1569,2
9478,1569,3
6759,1569,3
4982,1569,3
7838,1569,5
4028,1569,2
1923,1569,5
2623,1569,3
9102,1569,3
892,1569,4
6110,1569,1
7267,1569,5
1320,1569,3
6477,1569,1
3978,1569,3
3293,1569,3
75,1569,5
7344,1570,4
9606,1570,1
4519,1570,1
7763,1570,1
4035,1570,5
5597,1570,2
9388,1570,3
1158,1570,5
6458,1570,3
7519,1570,1
3174,1570,4
4054,1570,4
8800,1570,1
1926,1570,2
4457,1570,2
5028,1570,3
2336,1570,4
3772,1570,2
9848,1570,2
8823,1570,2
9954,1646,3
5618,1646,4
4391,1646,2
2267,1646,2
4244,1646,3
9072,1646,4
4113,1646,5
6049,1646,1
6423,1646,2
443,1646,1
4319,1646,5
4544,1646,5
5770,1646,1
2266,1646,5
6746,1646,3
880,1646,3
7103,1646,3
3960,1646,3
4902,1646,4
6160,1646,3
2301,1775,4
5015,1775,2
1894,1775,5
1957,1775,5
8730,1775,5
4906,1775,4
8782,1775,5
1742,1775,4
4676,1775,2
2261,1775,5
1039,1775,2
4054,1775,4
9110,1775,4
4351,1775,4
4914,1775,5
8702,1775,3
3101,1775,1
4099,1775,4
5212,1775,1
9113,1775,5
8908,1776,5
960,1776,5
6259,1776,1
8684,1776,3
5337,1776,5
5951,1776,3
9202,1776,5
5046,1776,1
863,1776,4
5560,1776,5
7944,1776,4
1578,1776,2
2321,1776,4
5953,1776,2
7191,1776,5
8973,1776,5
8717,1776,3
2607,1776,3
3974,1776,3
5439,1776,4
1007,1777,3
8361,1777,5
1698,1777,3
6554,1777,5
6344,1777,4
7305,1777,4
7319,1777,5
1782,1777,3
8478,1777,4
9184,1777,2
7346,1777,4
8615,1777,4
9903,1777,5
519,1777,4
6241,1777,5
679,1777,3
4284,1777,4
4430,1777,4
1228,1777,1
3882,1777,3
7,1778,3
8529,1778,5
5208,1778,5
7243,1778,1
9314,1778,4
3414,1778,3
489,1778,3
4883,1778,1
2411,1778,5
2044,1778,1
1725,1778,2
9780,1778,2
7311,1778,1
5467,1778,3
2911,1778,3
1304,1778,4
7440,1778,3
729,1778,5
6528,1778,3
80,1778,4
6980,1779,4
6430,1779,5
2864,1779,4
8659,1779,3
2048,1779,3
4841,1779,2
3359,1779,1
7873,1779,2
8616,1779,4
7947,1779,1
5069,1779,5
2602,1779,1
4453,1779,3
1627,1779,2
1048,1779,2
3677,1779,1
9072,1779,2
7409,1779,4
6714,1779,3
2944,1779,1
8255,1780,1
5097,1780,4
5066,1780,5
494,1780,3
8794,1780,2
6754,1780,1
7777,1780,3
3399,1780,4
6202,1780,3
8937,1780,1
5333,1780,2
9993,1780,5
9998,1780,2
7350,1780,1
7116,1780,4
9311,1780,4
3254,1780,5
1081,1780,4
6701,1780,1
3099,1780,2
1929,1781,1
733,1781,3
9257,1781,1
2966,1781,1
2073,1781,3
264,1781,3
9142,1781,5
7886,1781,3
6418,1781,4
6302,1781,1
7872,1781,4
5325,1781,2
8651,1781,1
8713,1781,2
5155,1781,1
4508,1781,2
1064,1781,5
1413,1781,3
736,1781,4
3252,1781,2
8808,2085,1
405,2085,4
3913,2085,4
3733,2085,1
5863,2085,2
7446,2085,3
9135,2085,4
599,2085,2
542,2085,3
3605,2085,1
4727,2085,4
534,2085,2
6516,2085,1
4749,2085,5
5134,2085,2
3564,2085,5
3475,2085,3
6218,2085,3
4364,2085,4
8367,2085,2
9798,2193,3
3651,2193,3
768,2193,5
2642,2193,2
4507,2193,5
9520,2193,5
346,2193,1
4046,2193,4
3281,2193,3
2651,2193,2
7882,2193,3
1445,2193,3
3332,2193,4
7126,2193,4
7621,2193,5
5076,2193,4
7937,2193,1
1528,2193,3
7326,2193,1
9445,2193,4
4710,2194,4
4743,2194,2
7983,2194,5
7900,2194,4
6184,2194,2
9142,2194,3
980,2194,4
6402,2194,5
3960,2194,5
3588,2194,2
5805,2194,4
1902,2194,3
7245,2194,4
3122,2194,3
2250,2194,1
2308,2194,2
1307,2194,4
5809,2194,4
3375,2194,5
3667,2194,4
9347,2338,1
5070,2338,4
6878,2338,2
2628,2338,3
8637,2338,3
32,2338,5
7115,2338,4
1510,2338,3
6141,2338,2
8149,2338,2
6099,2338,2
624,2338,5
9011,2338,5
1956,2338,3
5391,2338,2
2618,2338,4
6211,2338,5
931,2338,4
3929,2338,3
471,2338,5
173,2436,4
790,2436,1
4113,2436,5
1064,2436,5
7572,2436,4
881,2436,1
513,2436,3
4622,2436,2
8254,2436,3
4940,2436,4
7468,2436,4
8625,2436,5
2066,2436,1
4000,2436,4
3558,2436,1
16,2436,2
9419,2436,2
6503,2436,1
8910,2436,4
6450,2436,2
2569,2437,4
1382,2437,4
3587,2437,2
3865,2437,3
7249,2437,5
8825,2437,4
1744,2437,2
1499,2437,4
8345,2437,5
4313,2437,1
5153,2437,4
9629,2437,2
2680,2437,1
5531,2437,5
531,2437,4
2454,2437,2
3809,2437,2
7037,2437,4
9196,2437,1
2112,2437,1
166,2438,3
3063,2438,2
1766,2438,5
1157,2438,4
2717,2438,2
4139,2438,2
9612,2438,4
1947,2438,4
2589,2438,1
3537,2438,3
856,2438,1
9001,2438,3
9494,2438,4
6892,2438,4
5150,2438,5
3952,2438,2
33,2438,5
4963,2438,3
9662,2438,1
1858,2438,3
6850,2579,1
1845,2579,1
2678,2579,1
7147,2579,4
7190,2579,4
1163,2579,2
3539,2579,4
2933,2579,4
4322,2579,3
1790,2579,1
3394,2579,4
9626,2579,4
3369,2579,1
4843,2579,2
2347,2579,5
326,2579,2
9595,2579,2
1215,2579,5
99,2579,5
5985,2579,2
9137,2580,3
7423,2580,4
5380,2580,3
5320,2580,2
3631,2580,4
5993,2580,3
3783,2580,2
3891,2580,3
8053,2580,5
6697,2580,1
8589,2580,4
2707,2580,1
5854,2580,3
7912,2580,3
5764,2580,4
3426,2580,5
8919,2580,4
2061,2580,2
1402,2580,1
5610,2580,2
2861,2581,4
8730,2581,4
710,2581,2
5130,2581,3
5668,2581,1
9263,2581,4
2640,2581,3
5105,2581,4
7231,2581,5
6295,2581,5
350,2581,3
296,2581,2
3242,2581,1
5904,2581,1
5791,2581,5
891,2581,5
7264,2581,5
1436,2581,1
3507,2581,5
4144,2581,1
9589,2729,2
1498,2729,4
2527,2729,3
7620,2729,3
3477,2729,3
1395,2729,5
3177,2729,3
2164,2729,1
6456,2729,1
5191,2729,3
26,2729,3
7744,2729,4
4720,2729,4
3623,2729,4
9375,2729,5
2731,2729,3
2860,2729,3
1283,2729,2
2789,2729,2
2926,2729,4
9700,2730,3
8693,2730,3
6902,2730,4
9481,2730,5
5633,2730,5
8972,2730,5
4053,2730,4
4405,2730,1
9968,2730,4
6240,2730,2
2328,2730,5
8783,2730,5
234,2730,5
5592,2730,5
1673,2730,5
1284,2730,5
4264,2730,2
9615,2730,4
5251,2730,2
8370,2730,1
9811,2731,4
8686,2731,4
2577,2731,4
1290,2731,2
6990,2731,2
4298,2731,5
6183,2731,2
4724,2731,4
1210,2731,5
7303,2731,1
7478,2731,2
6600,2731,4
4135,2731,5
21,2731,1
8996,2731,4
9478,2731,2
2274,2731,5
3175,2731,2
3647,2731,5
2540,2731,1
8379,2732,3
2349,2732,5
1092,2732,3
9796,2732,4
2982,2732,5
8721,2732,4
4282,2732,4
6460,2732,3
7980,2732,4
5016,2732,3
2540,2732,5
9972,2732,3
2196,2732,2
6514,2732,2
4994,2732,5
4050,2732,5
5563,2732,3
1565,2732,5
6214,2732,3
4299,2732,3
2045,2733,4
7942,2733,1
203,2733,1
8175,2733,5
4298,2733,3
2984,2733,3
2061,2733,5
273,2733,5
8974,2733,2
8363,2733,2
2737,2733,2
7709,2733,3
5790,2733,5
6084,2733,2
5204,2733,2
6423,2733,4
866,2733,3
2105,2733,3
1342,2733,1
5896,2733,4
7929,2734,5
6363,2734,5
277,2734,3
8295,2734,3
8041,2734,2
6874,2734,2
3750,2734,3
9102,2734,4
7031,2734,3
2836,2734,2
6312,2734,3
9382,2734,4
1979,2734,3
1605,2734,3
8412,2734,1
5704,2734,5
9480,2734,5
6283,2734,5
2500,2734,1
4054,2734,1
3502,2865,1
6482,2865,5
9170,2865,5
4015,2865,4
619,2865,2
7196,2865,5
5437,2865,4
7986,2865,3
2878,2865,5
5063,2865,1
2414,2865,2
9178,2865,1
5052,2865,2
5645,2865,4
3222,2865,5
4924,2865,5
769,2865,1
1542,2865,2
2377,2865,3
2999,2865,4
4285,2866,4
9811,2866,3
1008,2866,3
7207,2866,3
523,2866,4
2086,2866,1
8305,2866,3
4644,2866,1
8240,2866,2
2777,2866,2
375,2866,4
724,2866,3
9873,2866,3
969,2866,2
9958,2866,4
3110,2866,1
4838,2866,4
8585,2866,4
3499,2866,3
503,2866,2
7344,2867,2
8272,2867,1
4983,2867,5
5753,2867,3
404,2867,2
1756,2867,1
7014,2867,2
1065,2867,1
3917,2867,4
3555,2867,1
8328,2867,1
5662,2867,1
6882,2867,3
2971,2867,2
1844,2867,4
2255,2867,2
2290,2867,4
3782,2867,4
3574,2867,1
9815,2867,2
7374,2967,2
3812,2967,2
8216,2967,5
3569,2967,2
1098,2967,2
3232,2967,3
2063,2967,4
9034,2967,1
8113,2967,5
4579,2967,4
7763,2967,4
982,2967,1
9415,2967,1
1233,2967,5
6720,2967,1
1712,2967,1
2872,2967,4
4100,2967,2
9510,2967,2
6521,2967,1
7880,2968,1
7776,2968,2
467,2968,4
4767,2968,3
9874,2968,3
1837,2968,2
3815,2968,1
4741,2968,2
6630,2968,2
4572,2968,2
2331,2968,4
1042,2968,5
7076,2968,2
2852,2968,3
6895,2968,2
1366,2968,2
9746,2968,3
9988,2968,4
4613,2968,4
537,2968,5
6967,3065,3
1996,3065,2
7275,3065,3
2713,3065,4
2245,3065,1
4386,3065,1
4605,3065,3
2496,3065,4
7100,3065,1
4973,3065,5
1329,3065,3
7580,3065,3
789,3065,1
1631,3065,2
9958,3065,1
709,3065,2
8896,3065,1
9895,3065,5
6111,3065,4
743,3065,1
974,3066,5
752,3066,1
7552,3066,1
228,3066,4
454,3066,2
9280,3066,2
4899,3066,1
5558,3066,5
5291,3066,5
6901,3066,3
3450,3066,2
6482,3066,3
2581,3066,4
1947,3066,2
2542,3066,1
4259,3066,1
2706,3066,2
5021,3066,2
8452,3066,5
8776,3066,4
4647,3067,5
7340,3067,1
7855,3067,1
5907,3067,3
3709,3067,1
9243,3067,2
9613,3067,4
8276,3067,1
9583,3067,4
704,3067,2
772,3067,3
4629,3067,1
1665,3067,4
1645,3067,2
9504,3067,2
2982,3067,5
2588,3067,1
6546,3067,1
5116,3067,3
9369,3067,3
3253,3068,4
203,3068,3
4711,3068,1
4300,3068,2
7757,3068,1
8283,3068,5
8350,3068,2
3550,3068,2
251,3068,4
3998,3068,5
4282,3068,3
1761,3068,5
8194,3068,3
7327,3068,2
9601,3068,4
2578,3068,2
4952,3068,1
7788,3068,4
8426,3068,4
8749,3068,4
764,3157,2
2016,3157,5
4560,3157,2
4639,3157,3
9913,3157,3
8635,3157,3
4012,3157,2
7057,3157,5
1901,3157,1
2126,3157,1
6541,3157,5
3335,3157,4
3981,3157,1
9541,3157,3
2444,3157,4
701,3157,1
2903,3157,3
5438,3157,1
531,3157,2
9504,3157,5
8599,3258,1
929,3258,3
176,3258,1
50,3258,4
6304,3258,3
1013,3258,4
805,3258,5
8907,3258,4
4655,3258,2
725,3258,3
7924,3258,2
9031,3258,4
4558,3258,4
2391,3258,3
3118,3258,3
7017,3258,1
6455,3258,5
9725,3258,4
2109,3258,4
5364,3258,4
4322,3259,4
1174,3259,4
4356,3259,1
9867,3259,2
3219,3259,1
658,3259,3
7552,3259,3
1788,3259,3
8944,3259,2
6216,3259,3
2458,3259,5
7361,3259,3
7023,3259,4
2997,3259,1
3763,3259,3
4416,3259,5
2919,3259,3
1873,3259,3
7679,3259,3
7816,3259,3
9306,3260,2
1901,3260,3
7768,3260,3
9172,3260,4
4719,3260,2
7399,3260,1
8839,3260,3
6986,3260,5
8785,3260,2
4144,3260,3
3860,3260,4
1698,3260,4
7779,3260,3
2056,3260,5
4746,3260,4
340,3260,5
4433,3260,4
4497,3260,1
6688,3260,2
8237,3260,5
4782,3261,4
282,3261,5
9886,3261,1
3139,3261,2
4825,3261,2
9767,3261,4
4213,3261,4
5086,3261,4
392,3261,3
2001,3261,3
8304,3261,2
2340,3261,4
2554,3261,1
7607,3261,2
9724,3261,2
1273,3261,3
5356,3261,4
1024,3261,2
1734,3261,5
6997,3261,1
1937,3262,4
9887,3262,1
437,3262,4
2225,3262,1
5629,3262,4
6002,3262,3
8451,3262,3
5712,3262,5
4358,3262,4
7911,3262,2
5657,3262,5
5520,3262,3
5268,3262,2
9266,3262,1
7594,3262,2
8879,3262,3
4259,3262,5
6741,3262,5
8368,3262,2
4946,3262,5
8972,3356,2
2051,3356,3
677,3356,2
8803,3356,2
5406,3356,4
8365,3356,5
4490,3356,1
9959,3356,3
3822,3356,3
8108,3356,1
6302,3356,3
9841,3356,3
9948,3356,4
930,3356,1
195,3356,5
4342,3356,3
8845,3356,1
8584,3356,2
2464,3356,3
8494,3356,3
824,3437,2
1932,3437,2
7871,3437,4
3304,3437,3
9124,3437,2
7083,3437,4
9116,3437,2
4298,3437,5
7737,3437,5
396,3437,1
1646,3437,1
1200,3437,5
7995,3437,5
2049,3437,5
111,3437,4
7475,3437,4
8628,3437,3
5909,3437,5
3545,3437,4
8158,3437,1
5305,3438,2
1404,3438,3
5481,3438,3
959,3438,5
7700,3438,4
3236,3438,4
4055,3438,2
7625,3438,3
2830,3438,1
6423,3438,2
9247,3438,4
4847,3438,4
7454,3438,4
5213,3438,5
4514,3438,1
2293,3438,1
1846,3438,2
1445,3438,2
6320,3438,5
4777,3438,2
4513,3439,1
2711,3439,4
8403,3439,5
159,3439,5
6550,3439,3
8111,3439,3
4259,3439,3
6001,3439,2
1431,3439,5
7525,3439,1
2514,3439,5
7127,3439,4
177,3439,4
6348,3439,5
3139,3439,1
1637,3439,3
492,3439,3
7959,3439,3
7600,3439,5
1084,3439,5
3704,3738,3
596,3738,4
5521,3738,2
1018,3738,3
6009,3738,1
7516,3738,4
3004,3738,1
6831,3738,5
4722,3738,4
8618,3738,3
416,3738,2
9709,3738,5
7792,3738,2
508,3738,5
5494,3738,1
216,3738,4
2583,3738,1
6451,3738,4
1851,3738,2
8486,3738,2
1402,3739,3
1021,3739,5
831,3739,1
6688,3739,5
3951,3739,2
9018,3739,2
9349,3739,2
2545,3739,4
1796,3739,1
6032,3739,2
1571,3739,1
1118,3739,4
6931,3739,4
3797,3739,3
560,3739,3
8903,3739,5
169,3739,1
4158,3739,5
7883,3739,4
2406,3739,2
3064,3740,4
8324,3740,1
4461,3740,2
4742,3740,5
362,3740,3
7484,3740,1
3198,3740,1
7881,3740,2
5727,3740,3
244,3740,5
9408,3740,1
6312,3740,4
4514,3740,3
7340,3740,4
3798,3740,5
4846,3740,1
1383,3740,2
7127,3740,4
3388,3740,4
4159,3740,1
576,3929,5
8023,3929,5
2596,3929,4
74,3929,5
6611,3929,4
3734,3929,2
3160,3929,2
2130,3929,1
2008,3929,2
3139,3929,4
3966,3929,1
5782,3929,2
5688,3929,2
4334,3929,2
1489,3929,1
2776,3929,5
5189,3929,3
8541,3929,3
2520,3929,5
5262,3929,4
5225,3930,5
6863,3930,1
8092,3930,2
8488,3930,5
247,3930,4
1599,3930,2
6175,3930,2
567,3930,3
3497,3930,2
283,3930,2
3738,3930,5
3296,3930,5
7431,3930,3
3952,3930,4
5650,3930,4
3494,3930,3
8208,3930,1
7356,3930,2
1836,3930,2
3503,3930,4
9563,3931,3
9547,3931,3
3196,3931,4
9586,3931,5
7074,3931,4
4086,3931,3
297,3931,4
2179,3931,5
7068,3931,2
4664,3931,3
2514,3931,3
5762,3931,5
9719,3931,1
596,3931,3
8443,3931,5
828,3931,4
7982,3931,1
8966,3931,4
149,3931,2
4047,3931,2
9098,3932,3
1554,3932,3
5578,3932,2
7794,3932,5
9479,3932,3
2357,3932,2
910,3932,3
5362,3932,3
196,3932,1
1211,3932,5
1476,3932,2
467,3932,4
5238,3932,5
6051,3932,1
51,3932,5
1371,3932,3
5873,3932,3
9718,3932,5
513,3932,5
8409,3932,1
283,3933,1
4622,3933,4
8504,3933,4
4649,3933,5
8175,3933,3
3134,3933,4
8045,3933,1
4509,3933,2
5834,3933,1
635,3933,5
1376,3933,5
985,3933,2
1358,3933,2
5029,3933,4
9817,3933,1
6341,3933,1
1571,3933,1
415,3933,1
1,3933,4
7503,3933,4
3704,3934,1
7850,3934,3
6650,3934,5
517,3934,4
9699,3934,1
4811,3934,3
1579,3934,4
8704,3934,5
4942,3934,1
8119,3934,2
7739,3934,1
4505,3934,1
6989,3934,5
6331,3934,2
2386,3934,4
7430,3934,1
1258,3934,3
3066,3934,2
9339,3934,1
4399,3934,2
4267,3935,2
5272,3935,2
6957,3935,3
8530,3935,3
7210,3935,5
9327,3935,5
106,3935,1
6790,3935,5
9795,3935,4
200,3935,4
7943,3935,1
5560,3935,1
6333,3935,5
8757,3935,1
7645,3935,5
9173,3935,3
188,3935,4
9784,3935,3
6973,3935,3
4812,3935,4
6420,3936,1
1037,3936,5
7724,3936,5
7429,3936,4
1401,3936,2
5299,3936,3
4643,3936,4
5059,3936,5
2290,3936,2
7078,3936,2
1646,3936,4
4157,3936,4
8182,3936,1
8918,3936,1
2278,3936,5
7302,3936,5
2135,3936,2
7339,3936,2
6057,3936,1
1365,3936,4
519,3937,3
7063,3937,2
6071,3937,4
8637,3937,4
1344,3937,3
8957,3937,3
2186,3937,3
3833,3937,1
7706,3937,4
7354,3937,5
8629,3937,2
5159,3937,2
5587,3937,3
5794,3937,2
1599,3937,3
1365,3937,4
2100,3937,1
5858,3937,5
3367,3937,1
4600,3937,1
3065,4061,5
3765,4061,5
941,4061,3
5773,4061,1
7969,4061,2
3267,4061,4
4829,4061,2
9759,4061,4
1637,4061,1
2612,4061,5
1356,4061,5
4250,4061,4
3182,4061,1
4756,4061,2
518,4061,4
466,4061,1
7045,4061,5
4851,4061,3
112,4061,4
2270,4061,2
2851,4062,2
9812,4062,3
1311,4062,1
8498,4062,3
6667,4062,4
6486,4062,3
2251,4062,4
5232,4062,4
2053,4062,1
1652,4062,5
1908,4062,1
8405,4062,4
9274,4062,2
1498,4062,3
7649,4062,1
6174,4062,5
4172,4062,1
9192,4062,3
7153,4062,3
6824,4062,4
9690,4063,4
207,4063,5
8135,4063,5
6064,4063,5
8334,4063,1
8571,4063,3
5493,4063,4
3115,4063,4
7548,4063,3
7578,4063,4
6536,4063,5
4683,4063,3
9485,4063,2
1941,4063,3
1660,4063,4
3859,4063,3
4697,4063,4
4801,4063,5
2811,4063,1
7785,4063,4
3657,4064,5
3928,4064,4
830,4064,2
2634,4064,4
2124,4064,5
5399,4064,4
8636,4064,4
5736,4064,1
1075,4064,5
1644,4064,1
8937,4064,5
7185,4064,5
1306,4064,2
4433,4064,4
9426,4064,2
5144,4064,5
4939,4064,5
7296,4064,5
2644,4064,4
7742,4064,3
9010,4136,1
1032,4136,2
7210,4136,5
6524,4136,1
7457,4136,3
901,4136,3
2143,4136,5
5808,4136,1
9310,4136,3
1924,4136,3
5396,4136,3
9715,4136,3
4458,4136,3
2612,4136,1
4765,4136,2
9835,4136,2
4495,4136,4
2641,4136,4
6173,4136,5
8261,4136,2
283,4267,1
330,4267,3
6113,4267,4
6701,4267,4
7731,4267,4
3742,4267,1
3958,4267,2
6873,4267,5
2817,4267,2
3059,4267,1
9270,4267,2
6521,4267,2
5479,4267,4
8230,4267,3
9491,4267,1
6389,4267,1
667,4267,1
2276,4267,5
4895,4267,4
7544,4267,3
1204,4268,3
3929,4268,2
867,4268,4
5416,4268,1
1239,4268,2
1981,4268,3
5362,4268,3
6522,4268,3
1021,4268,2
3316,4268,4
8594,4268,2
1659,4268,3
5256,4268,3
4677,4268,5
4217,4268,1
3495,4268,5
9715,4268,1
4153,4268,5
9454,4268,1
2485,4268,5
8741,4382,2
4425,4382,5
3616,4382,5
8148,4382,1
2555,4382,1
5898,4382,2
7819,4382,1
1895,4382,2
427,4382,2
6039,4382,4
2907,4382,1
680,4382,5
9045,4382,1
639,4382,4
9193,4382,3
5674,4382,1
5816,4382,2
515,4382,3
5198,4382,5
9104,4382,5
808,4383,2
5829,4383,1
7981,4383,5
2876,4383,3
9384,4383,1
3505,4383,3
4836,4383,4
9932,4383,3
8909,4383,1
5398,4383,3
7296,4383,1
8157,4383,1
3567,4383,3
7183,4383,4
6267,4383,5
5385,4383,2
6108,4383,5
6063,4383,1
8306,4383,1
1824,4383,5
675,4384,1
8643,4384,5
6741,4384,1
7827,4384,2
3980,4384,1
4470,4384,4
8019,4384,1
1467,4384,1
5305,4384,1
9342,4384,4
1414,4384,3
834,4384,5
3431,4384,2
7955,4384,1
7031,4384,3
4021,4384,3
9828,4384,1
7949,4384,1
7332,4384,3
983,4384,1
228,4385,3
8312,4385,2
2830,4385,5
6835,4385,3
1991,4385,4
1166,4385,1
9292,4385,4
7824,4385,3
7867,4385,5
7594,4385,5
468,4385,4
911,4385,4
1695,4385,5
7998,4385,1
7814,4385,3
2723,4385,1
7147,4385,3
287,4385,5
3594,4385,2
8950,4385,2
7412,4386,1
5448,4386,3
8603,4386,4
5891,4386,2
2647,4386,2
9549,4386,4
7940,4386,2
1856,4386,3
9057,4386,5
1954,4386,2
4316,4386,4
7622,4386,3
1659,4386,1
4553,4386,2
8020,4386,3
510,4386,2
6280,4386,5
9059,4386,1
8847,4386,5
1201,4386,5
4120,4387,5
3102,4387,2
5211,4387,1
8414,4387,5
9558,4387,2
6248,4387,3
8172,4387,5
7505,4387,3
5567,4387,4
4144,4387,1
3439,4387,4
4617,4387,1
4559,4387,4
4585,4387,3
3098,4387,3
2494,4387,1
5494,4387,3
1669,4387,1
3551,4387,4
9945,4387,4
1893,4477,1
5042,4477,3
170,4477,4
3709,4477,1
2240,4477,3
6744,4477,4
3976,4477,1
1062,4477,1
8310,4477,4
8647,4477,3
5282,4477,1
7416,4477,3
8059,4477,5
2397,4477,3
1379,4477,1
1306,4477,2
9552,4477,4
2521,4477,5
4447,4477,5
2018,4477,1
6257,4478,3
3812,4478,2
497,4478,5
1265,4478,2
613,4478,1
5188,4478,2
7901,4478,1
2931,4478,5
691,4478,3
2870,4478,3
8617,4478,2
6488,4478,3
8959,4478,4
3238,4478,2
2842,4478,5
3153,4478,1
9875,4478,5
9164,4478,5
1502,4478,3
3856,4478,1
4545,4570,4
2035,4570,1
249,4570,2
6672,4570,4
6024,4570,4
2428,4570,3
9310,4570,5
8736,4570,3
9672,4570,1
7279,4570,1
2072,4570,5
13,4570,1
7800,4570,2
9767,4570,5
4410,4570,4
9876,4570,3
7181,4570,2
5381,4570,5
5640,4570,1
4440,4570,4
8755,4571,3
3653,4571,2
4478,4571,4
6337,4571,2
4256,4571,2
8566,4571,5
6910,4571,3
4770,4571,4
4677,4571,3
2217,4571,1
8905,4571,1
7862,4571,5
818,4571,5
1403,4571,5
6490,4571,5
8539,4571,4
813,4571,1
5764,4571,3
502,4571,1
8422,4571,3
4784,4831,5
72,4831,2
8851,4831,2
3200,4831,2
9568,4831,1
7938,4831,3
5276,4831,5
6956,4831,3
2123,4831,4
2487,4831,3
1832,4831,2
8507,4831,1
8075,4831,5
9956,4831,2
1344,4831,1
6084,4831,4
2988,4831,5
1940,4831,3
9428,4831,5
2364,4831,3
8765,4832,5
4527,4832,1
609,4832,3
6887,4832,4
5119,4832,1
4651,4832,3
3444,4832,5
9029,4832,5
7185,4832,5
2555,4832,1
3541,4832,5
7012,4832,1
6865,4832,5
6871,4832,4
8969,4832,4
2394,4832,2
9907,4832,2
9229,4832,1
9920,4832,3
3218,4832,4
7898,4833,4
9649,4833,3
3712,4833,4
6963,4833,2
3704,4833,4
6250,4833,4
9581,4833,2
8966,4833,2
8068,4833,4
9894,4833,5
9512,4833,4
2433,4833,1
3684,4833,1
5888,4833,5
6445,4833,4
2336,4833,1
51,4833,1
4585,4833,4
5842,4833,5
6661,4833,3
2098,4834,3
6636,4834,4
7816,4834,3
6895,4834,5
1443,4834,4
9277,4834,1
8140,4834,2
5587,4834,5
113,4834,3
9516,4834,4
1174,4834,5
4325,4834,1
8012,4834,2
2275,4834,4
1429,4834,5
3301,4834,2
9022,4834,4
6374,4834,5
7235,4834,2
139,4834,2
9042,4835,1
4795,4835,3
9227,4835,5
4461,4835,3
4456,4835,1
1204,4835,4
5872,4835,2
6350,4835,2
1829,4835,4
5295,4835,2
6269,4835,1
4,4835,1
8045,4835,1
163,4835,4
1244,4835,4
1128,4835,1
4667,4835,3
8495,4835,4
8638,4835,1
9333,4835,5
1314,4836,4
5525,4836,3
9198,4836,5
5600,4836,3
2335,4836,5
1839,4836,4
3312,4836,3
4533,4836,5
2865,4836,4
4530,4836,3
6030,4836,5
3622,4836,2
9480,4836,1
376,4836,1
5037,4836,3
1498,4836,5
2033,4836,3
6175,4836,5
4277,4836,3
8665,4836,2
8912,4837,5
5608,4837,2
912,4837,5
9944,4837,5
5225,4837,5
663,4837,1
5420,4837,4
7056,4837,4
7713,4837,3
19,4837,5
412,4837,3
2750,4837,5
9960,4837,3
3765,4837,3
9902,4837,4
7080,4837,1
2840,4837,2
902,4837,2
2983,4837,1
7339,4837,1
7476,4838,3
3741,4838,5
6892,4838,3
5718,4838,4
1611,4838,3
3332,4838,2
1945,4838,2
7979,4838,2
604,4838,2
7404,4838,3
2755,4838,5
1547,4838,5
4768,4838,5
9048,4838,3
5052,4838,1
9448,4838,4
5889,4838,1
2080,4838,3
1595,4838,4
654,4838,1
7728,4839,3
4178,4839,2
441,4839,4
6780,4839,2
3074,4839,5
4815,4839,2
3309,4839,4
4244,4839,3
2599,4839,2
7809,4839,2
7667,4839,2
1628,4839,3
7668,4839,2
6067,4839,3
6552,4839,2
8891,4839,5
1280,4839,2
4345,4839,3
6794,4839,4
7752,4839,2
5875,4840,2
4889,4840,3
5122,4840,1
148,4840,3
5001,4840,2
2239,4840,5
9195,4840,5
7772,4840,5
6405,4840,1
2333,4840,3
1202,4840,2
2553,4840,5
9231,4840,2
3242,4840,1
6120,4840,2
2165,4840,4
7345,4840,3
7725,4840,4
9049,4840,2
8739,4840,5
821,4841,5
3494,4841,4
5681,4841,3
9288,4841,2
2264,4841,2
5083,4841,4
6854,4841,5
4131,4841,2
3047,4841,3
3597,4841,2
7445,4841,5
8635,4841,4
8082,4841,3
7361,4841,4
9680,4841,2
3463,4841,2
4812,4841,4
1061,4841,1
5719,4841,1
61,4841,4
4012,4842,3
2290,4842,3
5675,4842,4
7013,4842,4
1734,4842,5
490,4842,3
7439,4842,3
6563,4842,5
3329,4842,2
4626,4842,4
6442,4842,1
5153,4842,5
5559,4842,1
2909,4842,1
2766,4842,1
233,4842,1
4204,4842,5
8129,4842,4
7468,4842,3
6338,4842,2
2888,4843,5
2039,4843,2
3199,4843,5
5369,4843,2
1356,4843,2
7817,4843,1
7047,4843,3
5172,4843,2
7011,4843,3
1832,4843,2
351,4843,1
8639,4843,5
5696,4843,2
174,4843,1
8457,4843,2
5690,4843,3
2213,4843,4
3879,4843,3
774,4843,1
9218,4843,3
9482,4844,4
5422,4844,3
5499,4844,3
4237,4844,2
8207,4844,3
4309,4844,4
1807,4844,1
5022,4844,3
8455,4844,1
7195,4844,3
773,4844,3
4073,4844,2
5587,4844,5
7453,4844,4
5168,4844,2
8220,4844,5
9156,4844,2
7047,4844,3
7209,4844,4
9530,4844,4
4495,4845,1
6840,4845,5
9552,4845,1
8147,4845,1
4648,4845,3
4044,4845,4
3315,4845,3
5767,4845,4
2149,4845,2
7450,4845,5
5075,4845,2
3235,4845,2
1574,4845,2
3218,4845,5
1279,4845,5
8963,4845,2
1643,4845,1
8450,4845,5
5469,4845,2
7270,4845,3
4729,4846,4
7824,4846,4
5405,4846,4
6368,4846,5
7823,4846,3
2850,4846,2
3951,4846,4
8466,4846,3
3267,4846,3
4758,4846,2
9387,4846,3
4235,4846,4
6251,4846,5
3256,4846,2
5253,4846,2
1310,4846,5
7843,4846,4
8244,4846,5
4015,4846,2
1137,4846,5
4740,4982,3
2555,4982,4
5705,4982,5
4048,4982,2
8297,4982,3
9886,4982,1
1899,4982,1
5346,4982,4
689,4982,2
9673,4982,5
8337,4982,4
6280,4982,1
490,4982,3
513,4982,1
7885,4982,2
4606,4982,5
5702,4982,4
2124,4982,5
931,4982,5
9878,4982,5
1403,4983,2
1105,4983,2
8655,4983,3
681,4983,2
708,4983,5
1053,4983,3
3414,4983,3
9803,4983,3
4396,4983,2
8098,4983,3
9653,4983,3
244,4983,2
9525,4983,5
9064,4983,5
9718,4983,3
2816,4983,1
7743,4983,2
1992,4983,5
366,4983,1
3230,4983,3
9931,4984,1
2509,4984,2
9311,4984,1
7388,4984,4
8576,4984,2
7136,4984,5
2820,4984,5
8116,4984,4
3091,4984,4
584,4984,5
9857,4984,4
1335,4984,2
4114,4984,5
7220,4984,3
9600,4984,2
6993,4984,5
3468,4984,2
9984,4984,5
1642,4984,1
6210,4984,4
1127,4985,4
8532,4985,3
7034,4985,1
6572,4985,2
6006,4985,2
6831,4985,5
2,4985,4
2896,4985,2
1998,4985,3
1908,4985,1
9245,4985,5
318,4985,2
7269,4985,1
2198,4985,3
7061,4985,5
8975,4985,2
2313,4985,5
2560,4985,3
9670,4985,2
8190,4985,1
320,4986,1
4823,4986,1
9479,4986,2
6264,4986,3
1866,4986,1
6835,4986,3
9325,4986,4
8013,4986,1
8495,4986,1
3170,4986,4
7413,4986,3
3426,4986,2
80,4986,2
5116,4986,5
3611,4986,3
7303,4986,3
284,4986,4
104,4986,5
9113,4986,2
5996,4986,5
4568,4987,4
9753,4987,1
3046,4987,5
1774,4987,4
2018,4987,2
741,4987,2
1272,4987,4
397,4987,3
3885,4987,3
7485,4987,5
7328,4987,5
1519,4987,3
9323,4987,1
2098,4987,4
9301,4987,2
5835,4987,2
1392,4987,5
1014,4987,5
9750,4987,3
543,4987,4
3480,4988,1
5245,4988,4
9072,4988,5
5359,4988,4
1891,4988,4
8911,4988,3
245,4988,4
3769,4988,1
4032,4988,4
6143,4988,1
5496,4988,5
6245,4988,1
1097,4988,3
8339,4988,4
3058,4988,3
4828,4988,2
9158,4988,4
1132,4988,3
5631,4988,2
1937,4988,1
762,4989,2
7741,4989,2
7257,4989,5
2407,4989,4
4223,4989,2
9363,4989,2
9311,4989,5
6048,4989,5
6509,4989,4
5752,4989,4
3504,4989,1
3064,4989,3
4750,4989,1
122,4989,4
939,4989,2
4764,4989,4
227,4989,3
8180,4989,5
8977,4989,5
9647,4989,4
7299,5086,3
483,5086,1
4516,5086,4
1238,5086,3
6346,5086,5
3024,5086,1
1767,5086,1
2752,5086,1
7119,5086,5
6726,5086,3
2806,5086,2
7601,5086,3
7395,5086,1
6156,5086,2
6129,5086,4
3413,5086,3
4668,5086,2
9838,5086,1
8947,5086,3
1225,5086,5
4251,5087,4
868,5087,5
5287,5087,1
5543,5087,2
1350,5087,5
4666,5087,3
5660,5087,4
7210,5087,1
9067,5087,5
2523,5087,2
2980,5087,1
7094,5087,3
6128,5087,2
647,5087,5
9875,5087,3
6245,5087,2
9727,5087,5
4829,5087,5
1865,5087,5
1732,5087,1
5282,5088,5
8939,5088,1
4097,5088,3
8677,5088,4
8127,5088,2
718,5088,2
8636,5088,2
6665,5088,2
7200,5088,3
378,5088,4
3610,5088,2
9156,5088,4
130,5088,1
9482,5088,1
6321,5088,2
604,5088,5
5221,5088,5
7814,5088,1
6628,5088,3
2273,5088,3
1104,5236,1
7377,5236,1
5304,5236,2
4332,5236,5
8927,5236,4
1599,5236,2
5113,5236,3
9433,5236,5
4312,5236,3
922,5236,4
1150,5236,4
5354,5236,2
4322,5236,3
7489,5236,1
9443,5236,2
8063,5236,3
1001,5236,5
7119,5236,5
7802,5236,1
4427,5236,4
9283,5237,2
6709,5237,2
48,5237,5
8578,5237,3
5487,5237,4
1149,5237,1
9222,5237,5
8554,5237,2
6767,5237,2
6061,5237,1
9165,5237,3
8945,5237,5
6280,5237,2
1601,5237,5
3527,5237,1
7859,5237,4
8332,5237,2
4257,5237,1
156,5237,5
3353,5237,1
4615,5450,3
8093,5450,4
973,5450,3
5297,5450,3
4744,5450,2
33,5450,5
4245,5450,4
9292,5450,4
6960,5450,4
6821,5450,4
9030,5450,4
8309,5450,1
3857,5450,1
3262,5450,5
6712,5450,2
6922,5450,2
521,5450,1
1717,5450,3
750,5450,2
5609,5450,2
4074,5451,2
3421,5451,4
9039,5451,3
9873,5451,5
5877,5451,2
9085,5451,4
1445,5451,4
5142,5451,3
4879,5451,3
3186,5451,4
8818,5451,1
6065,5451,1
1513,5451,3
3413,5451,1
9142,5451,5
1639,5451,1
3521,5451,2
2342,5451,5
2169,5451,1
4030,5451,5
2764,5452,1
9198,5452,5
6064,5452,4
701,5452,2
2182,5452,2
6602,5452,1
7835,5452,5
5687,5452,1
5452,5452,5
1960,5452,4
6097,5452,5
1215,5452,3
8265,5452,4
3582,5452,4
3158,5452,3
2216,5452,4
6623,5452,3
3590,5452,3
2300,5452,2
8116,5452,1
2563,5453,3
9357,5453,5
6810,5453,5
5427,5453,3
7293,5453,5
7745,5453,5
8543,5453,5
6206,5453,3
7598,5453,1
867,5453,4
4242,5453,2
4179,5453,4
9678,5453,5
4266,5453,3
3186,5453,4
4005,5453,2
8785,5453,3
1187,5453,5
5918,5453,5
4291,5453,4
1961,5616,3
3551,5616,4
6634,5616,3
3711,5616,2
3335,5616,2
8194,5616,4
1227,5616,4
8409,5616,1
7586,5616,2
5229,5616,1
8933,5616,4
9298,5616,5
683,5616,4
3619,5616,3
1881,5616,1
9320,5616,3
7207,5616,5
7937,5616,1
4348,5616,2
7314,5616,2
2868,5617,5
6311,5617,2
4388,5617,1
5373,5617,3
9450,5617,5
8760,5617,3
8394,5617,5
8271,5617,4
7998,5617,4
8238,5617,3
9005,5617,4
7040,5617,4
1169,5617,3
1357,5617,1
905,5617,4
1806,5617,4
183,5617,4
6116,5617,1
5507,5617,3
4322,5617,5
8075,5618,4
8482,5618,4
6828,5618,2
7995,5618,3
7870,5618,3
2056,5618,4
7049,5618,5
7872,5618,4
6965,5618,1
431,5618,3
6829,5618,3
2292,5618,4
3449,5618,2
5439,5618,5
4621,5618,5
1364,5618,2
6818,5618,5
8856,5618,2
3329,5618,5
7283,5618,3
6964,5619,4
1012,5619,3
8607,5619,1
9715,5619,4
6419,5619,5
5780,5619,3
1384,5619,4
7961,5619,2
3025,5619,4
2404,5619,5
605,5619,1
8597,5619,4
2695,5619,1
4745,5619,2
1783,5619,4
6160,5619,4
6011,5619,1
235,5619,5
1579,5619,1
4650,5619,2
5168,5620,5
9066,5620,5
8829,5620,4
5818,5620,4
8826,5620,5
3551,5620,3
1215,5620,2
7196,5620,2
8208,5620,4
65,5620,5
8813,5620,5
2806,5620,3
6871,5620,1
4587,5620,1
6112,5620,4
9807,5620,1
1188,5620,3
613,5620,4
8076,5620,4
1764,5620,4
1801,5621,4
6214,5621,4
1772,5621,1
7335,5621,4
2344,5621,2
915,5621,3
8801,5621,2
9783,5621,4
9452,5621,1
4504,5621,1
6471,5621,5
1834,5621,3
4820,5621,3
2589,5621,1
8013,5621,5
6436,5621,4
6682,5621,2
3223,5621,2
9477,5621,2
1154,5621,1
7201,5622,3
562,5622,4
5452,5622,1
8358,5622,1
5577,5622,1
2816,5622,2
7236,5622,1
4863,5622,1
4814,5622,4
7681,5622,5
626,5622,1
9434,5622,1
4143,5622,2
7478,5622,1
7832,5622,2
3436,5622,3
2400,5622,2
9505,5622,4
454,5622,5
5197,5622,3
2717,5623,3
4001,5623,3
5107,5623,5
3390,5623,5
9509,5623,2
6336,5623,2
4107,5623,5
7737,5623,3
310,5623,2
7959,5623,4
8612,5623,2
7187,5623,3
5787,5623,3
4588,5623,5
261,5623,2
2242,5623,1
1746,5623,4
8769,5623,5
9376,5623,4
8262,5623,1
3081,5624,5
5839,5624,3
302,5624,5
6327,5624,3
4649,5624,1
5702,5624,5
6252,5624,3
1887,5624,4
8688,5624,3
3627,5624,3
6616,5624,5
7786,5624,4
3336,5624,4
6804,5624,3
7017,5624,5
1628,5624,4
9602,5624,3
7542,5624,5
6176,5624,5
6751,5624,2
7819,5625,3
6922,5625,4
1429,5625,5
6229,5625,4
2326,5625,2
3960,5625,2
827,5625,2
1056,5625,2
2078,5625,1
488,5625,2
4648,5625,5
6301,5625,4
1127,5625,5
1310,5625,5
3088,5625,2
3581,5625,1
4548,5625,3
6530,5625,4
566,5625,1
4265,5625,4
9704,5626,4
5887,5626,4
1234,5626,3
8229,5626,2
2185,5626,2
9975,5626,5
8340,5626,4
5993,5626,2
3362,5626,1
9314,5626,3
4162,5626,5
7213,5626,1
3664,5626,5
521,5626,4
9231,5626,2
8877,5626,1
5690,5626,4
2594,5626,5
2770,5626,4
8258,5626,2
1203,5784,5
2968,5784,2
2895,5784,5
9107,5784,4
6569,5784,3
1267,5784,3
7448,5784,3
4620,5784,1
7403,5784,2
9718,5784,3
3957,5784,2
9217,5784,1
8235,5784,4
164,5784,4
2153,5784,1
5109,5784,3
9061,5784,1
6026,5784,1
3737,5784,2
3526,5784,3
2506,5785,3
6707,5785,1
9593,5785,4
2176,5785,3
9043,5785,2
7829,5785,3
8200,5785,2
4811,5785,2
8499,5785,2
2823,5785,3
7066,5785,3
1666,5785,5
7824,5785,3
1464,5785,5
8544,5785,2
1104,5785,3
7838,5785,1
343,5785,5
7354,5785,5
1383,5785,1
9942,5786,2
4474,5786,3
9810,5786,1
4999,5786,3
6991,5786,4
7029,5786,3
3100,5786,1
1429,5786,2
3831,5786,1
3777,5786,5
1913,5786,1
1982,5786,3
3959,5786,4
682,5786,5
8962,5786,3
6184,5786,1
5958,5786,2
3010,5786,3
7130,5786,2
6213,5786,3
3405,5787,4
8966,5787,5
3135,5787,3
6374,5787,1
3028,5787,2
6799,5787,4
7050,5787,2
6358,5787,3
3919,5787,4
6415,5787,5
6400,5787,3
3914,5787,5
5401,5787,2
2517,5787,1
6396,5787,5
6028,5787,2
1242,5787,1
8562,5787,3
7181,5787,3
8811,5787,2
5688,5788,5
1103,5788,2
5450,5788,1
5571,5788,5
7893,5788,2
1673,5788,2
8942,5788,4
4309,5788,1
6156,5788,5
626,5788,1
3665,5788,4
5969,5788,1
3958,5788,3
6744,5788,3
8839,5788,3
4794,5788,1
6688,5788,5
2369,5788,3
1035,5788,1
2329,5788,5
6852,5789,3
1676,5789,5
6864,5789,2
903,5789,3
9712,5789,2
9608,5789,5
843,5789,1
1229,5789,3
7981,5789,2
7920,5789,1
3797,5789,5
6197,5789,4
4089,5789,4
7138,5789,3
5536,5789,2
2091,5789,2
6320,5789,4
6683,5789,1
5033,5789,2
9102,5789,1
2153,5790,4
670,5790,2
6810,5790,1
5290,5790,2
390,5790,4
8757,5790,4
3166,5790,1
7750,5790,2
4771,5790,3
4359,5790,5
8534,5790,1
2570,5790,3
7948,5790,2
9003,5790,1
3055,5790,3
4891,5790,3
9851,5790,2
2759,5790,4
1619,5790,5
7492,5790,3
4403,5791,4
3244,5791,3
4995,5791,5
9999,5791,1
7983,5791,1
3692,5791,2
7575,5791,4
2857,5791,5
8624,5791,2
9612,5791,1
154,5791,3
3689,5791,3
225,5791,2
4610,5791,4
2163,5791,5
3253,5791,4
7903,5791,2
1145,5791,1
9498,5791,3
8260,5791,5
4535,5792,5
8509,5792,1
296,5792,3
4687,5792,1
1125,5792,3
6986,5792,2
606,5792,5
5411,5792,2
1490,5792,1
7997,5792,2
3885,5792,4
4614,5792,4
2520,5792,4
9252,5792,1
8423,5792,1
5290,5792,3
5335,5792,4
196,5792,3
8308,5792,4
4725,5792,3
2280,5793,2
5720,5793,2
8739,5793,4
5138,5793,1
6721,5793,2
4087,5793,4
2286,5793,5
5302,5793,1
8475,5793,2
41,5793,4
3345,5793,5
3457,5793,2
3942,5793,1
2963,5793,1
8264,5793,4
6360,5793,3
6020,5793,2
2512,5793,4
330,5793,3
8089,5793,2
9724,5794,1
4350,5794,5
3700,5794,1
7451,5794,3
6310,5794,1
9273,5794,4
8707,5794,5
535,5794,5
4883,5794,3
4451,5794,5
7545,5794,3
4397,5794,3
3312,5794,2
9551,5794,4
3364,5794,5
2913,5794,1
655,5794,4
7587,5794,2
2717,5794,2
7663,5794,4
5700,5795,3
3397,5795,5
2803,5795,2
9964,5795,2
6290,5795,5
3281,5795,3
5775,5795,2
1715,5795,4
685,5795,4
5370,5795,3
9853,5795,3
272,5795,3
2964,5795,1
4284,5795,5
9694,5795,5
7179,5795,4
3568,5795,3
9108,5795,3
4120,5795,2
4572,5795,4
1692,5796,4
3888,5796,1
7395,5796,2
799,5796,4
1011,5796,3
3207,5796,4
5101,5796,2
1981,5796,4
8535,5796,1
2233,5796,1
4137,5796,4
8852,5796,1
6980,5796,1
7649,5796,4
2852,5796,1
4984,5796,4
3412,5796,3
8067,5796,4
499,5796,1
5107,5796,3
2335,5935,5
642,5935,2
8771,5935,1
7352,5935,2
5997,5935,4
3287,5935,4
749,5935,4
3022,5935,1
8054,5935,3
9867,5935,3
1163,5935,5
5849,5935,3
416,5935,3
8930,5935,4
5766,5935,1
9349,5935,1
5038,5935,3
7891,5935,3
8663,5935,2
6810,5935,5
699,5936,4
3021,5936,2
8103,5936,3
7507,5936,5
9331,5936,5
6213,5936,5
1396,5936,4
144,5936,2
6999,5936,3
8039,5936,3
7112,5936,4
435,5936,2
8770,5936,3
126,5936,3
6408,5936,5
5034,5936,5
4237,5936,4
8939,5936,5
3279,5936,2
4322,5936,2
4830,5937,1
7798,5937,2
7086,5937,1
1015,5937,1
9195,5937,4
9027,5937,4
8450,5937,5
4537,5937,1
6487,5937,1
6558,5937,1
3646,5937,2
7163,5937,2
1120,5937,4
9314,5937,3
1057,5937,1
5619,5937,4
1567,5937,2
5376,5937,5
2185,5937,2
6428,5937,3
9648,5938,1
5396,5938,3
2141,5938,1
9391,5938,1
5242,5938,2
561,5938,4
2597,5938,1
4260,5938,2
6195,5938,5
4646,5938,1
8308,5938,4
3811,5938,2
9388,5938,5
9163,5938,1
295,5938,2
5371,5938,4
7108,5938,4
1524,5938,1
9442,5938,5
7133,5938,3
8510,5939,1
9990,5939,3
4793,5939,4
5606,5939,3
7202,5939,1
7276,5939,5
5432,5939,3
7853,5939,2
4140,5939,1
6232,5939,3
3756,5939,2
4452,5939,5
104,5939,3
4749,5939,3
4426,5939,4
9671,5939,2
1999,5939,2
9456,5939,4
4580,5939,4
2040,5939,2
4636,5940,3
7790,5940,1
5220,5940,5
4652,5940,3
3833,5940,3
5084,5940,1
9592,5940,4
121,5940,1
3118,5940,2
4995,5940,1
5165,5940,1
4567,5940,4
6087,5940,2
2799,5940,4
1994,5940,2
1158,5940,3
3454,5940,5
7836,5940,1
1930,5940,1
6686,5940,5
2728,5941,4
1227,5941,1
4911,5941,1
5354,5941,5
2487,5941,2
6858,5941,4
6845,5941,5
1928,5941,4
5411,5941,4
4763,5941,3
2876,5941,1
9436,5941,3
1426,5941,3
1477,5941,3
6558,5941,1
8001,5941,5
8651,5941,3
9444,5941,3
9851,5941,1
14,5941,1
4102,6085,1
5745,6085,4
1753,6085,5
5946,6085,3
8082,6085,2
8325,6085,5
3922,6085,1
5982,6085,1
6234,6085,5
1863,6085,4
3716,6085,4
445,6085,5
7049,6085,2
728,6085,1
4394,6085,1
3055,6085,2
7754,6085,2
3214,6085,4
2146,6085,2
1383,6085,1
2449,6086,4
7426,6086,2
607,6086,3
1213,6086,4
4926,6086,2
9220,6086,4
516,6086,4
4480,6086,5
7210,6086,4
1750,6086,3
1634,6086,5
9263,6086,1
6215,6086,2
904,6086,3
7148,6086,5
8174,6086,2
1149,6086,5
9936,6086,4
5363,6086,1
603,6086,2
7202,6087,5
9353,6087,3
2176,6087,4
4801,6087,1
5528,6087,3
621,6087,2
9939,6087,5
7006,6087,4
4308,6087,2
1813,6087,1
4090,6087,1
6600,6087,3
1178,6087,3
1364,6087,5
5924,6087,4
9059,6087,4
5837,6087,3
1451,6087,4
4744,6087,5
8045,6087,2
549,6088,3
6223,6088,2
1101,6088,1
664,6088,4
921,6088,5
3983,6088,2
4067,6088,5
281,6088,2
4924,6088,3
7809,6088,5
5005,6088,1
7704,6088,2
6895,6088,3
4000,6088,1
273,6088,5
6731,6088,4
4540,6088,4
8863,6088,2
1961,6088,4
9475,6088,3
919,6089,2
306,6089,3
1017,6089,4
5044,6089,4
4080,6089,2
9481,6089,4
6612,6089,5
9299,6089,4
1187,6089,5
3878,6089,3
5935,6089,5
1104,6089,5
1136,6089,2
5179,6089,1
4109,6089,5
2626,6089,5
8995,6089,2
3398,6089,1
4727,6089,3
8961,6089,1
2559,6246,5
5644,6246,3
3383,6246,2
3952,6246,2
5684,6246,2
2413,6246,2
7376,6246,4
329,6246,3
6681,6246,5
8518,6246,5
7372,6246,1
9914,6246,4
4977,6246,3
4323,6246,5
6690,6246,1
576,6246,5
225,6246,3
6053,6246,2
2742,6246,2
7379,6246,4
2673,6247,1
3722,6247,1
2913,6247,4
2393,6247,5
3362,6247,2
7945,6247,4
9687,6247,3
3436,6247,4
3828,6247,5
5052,6247,1
431,6247,5
7790,6247,3
8095,6247,3
5651,6247,5
6097,6247,3
1417,6247,3
9364,6247,3
9261,6247,4
196,6247,2
9912,6247,4
2606,6369,4
5306,6369,1
5631,6369,1
6281,6369,1
5847,6369,5
9194,6369,4
2655,6369,2
8474,6369,4
7719,6369,4
9407,6369,1
8118,6369,4
2664,6369,3
2361,6369,3
5272,6369,2
4675,6369,3
5583,6369,4
4954,6369,1
661,6369,1
4963,6369,1
3950,6369,2
8814,6548,5
4172,6548,4
8889,6548,4
8511,6548,1
2888,6548,4
8632,6548,2
7118,6548,5
2359,6548,2
8764,6548,4
8937,6548,1
5787,6548,5
4849,6548,2
260,6548,2
8284,6548,1
6354,6548,1
9139,6548,2
9499,6548,5
7861,6548,5
2501,6548,4
91,6548,1
4690,6549,5
8368,6549,4
3026,6549,4
9713,6549,4
8801,6549,4
3967,6549,5
5523,6549,5
4774,6549,3
287,6549,5
1131,6549,3
5404,6549,2
8038,6549,2
7326,6549,2
1586,6549,1
9634,6549,4
6114,6549,2
4691,6549,5
1765,6549,3
1576,6549,1
1512,6549,4
4560,6550,1
7378,6550,3
8891,6550,2
2681,6550,1
6293,6550,2
6767,6550,4
7840,6550,1
2455,6550,5
794,6550,1
1060,6550,2
8809,6550,1
1502,6550,4
9076,6550,1
6356,6550,1
5762,6550,5
6921,6550,2
7543,6550,2
8123,6550,1
9701,6550,4
6462,6550,2
7937,6551,2
8543,6551,4
312,6551,3
8343,6551,2
4901,6551,5
1228,6551,1
6017,6551,1
6065,6551,2
23,6551,4
5487,6551,2
8560,6551,3
4906,6551,5
551,6551,1
3788,6551,1
7760,6551,4
5853,6551,4
9378,6551,3
1028,6551,2
3557,6551,5
4523,6551,2
2155,6552,2
2153,6552,1
8459,6552,1
4083,6552,1
5017,6552,2
1835,6552,2
5419,6552,1
5673,6552,3
1149,6552,2
1613,6552,2
7544,6552,1
1971,6552,5
2639,6552,4
6966,6552,5
7615,6552,4
3954,6552,3
9708,6552,4
5510,6552,4
7300,6552,4
2079,6552,5
397,6553,1
5216,6553,2
4682,6553,3
518,6553,2
5794,6553,4
1162,6553,5
4122,6553,5
2045,6553,3
201,6553,1
5900,6553,2
8061,6553,4
6426,6553,4
3986,6553,1
4690,6553,4
8384,6553,2
939,6553,5
5706,6553,5
9216,6553,2
3000,6553,5
2649,6553,2
2949,6554,2
2707,6554,1
6347,6554,5
324,6554,3
4198,6554,4
4694,6554,5
4628,6554,4
8280,6554,2
4155,6554,5
8074,6554,2
9108,6554,1
1134,6554,4
7094,6554,3
7393,6554,5
4513,6554,2
5175,6554,2
1363,6554,1
1875,6554,5
9852,6554,1
975,6554,4
5281,6555,1
4619,6555,4
9910,6555,1
5254,6555,4
8214,6555,3
351,6555,1
9622,6555,5
5224,6555,4
7333,6555,1
7205,6555,5
7320,6555,5
9023,6555,1
1507,6555,1
5774,6555,4
635,6555,3
1731,6555,5
6980,6555,1
8216,6555,1
9561,6555,5
2217,6555,2
9111,6556,4
2472,6556,4
2427,6556,2
7622,6556,5
6764,6556,3
6509,6556,1
2179,6556,3
7029,6556,3
649,6556,4
6463,6556,5
7329,6556,5
8935,6556,4
3594,6556,5
4675,6556,4
6487,6556,2
6825,6556,4
1402,6556,3
9277,6556,3
6931,6556,2
583,6556,1
735,6557,1
9165,6557,5
1659,6557,4
205,6557,4
4469,6557,2
9888,6557,3
2637,6557,1
1429,6557,5
7177,6557,2
2725,6557,3
7233,6557,2
2417,6557,5
6517,6557,4
1967,6557,4
5761,6557,4
7573,6557,2
8322,6557,2
2976,6557,4
3822,6557,5
2626,6557,4
9906,6705,2
6803,6705,4
6262,6705,2
6213,6705,4
8025,6705,5
7470,6705,2
4740,6705,1
4681,6705,5
6036,6705,1
1976,6705,5
5499,6705,3
6706,6705,2
2725,6705,2
433,6705,4
4021,6705,2
6998,6705,2
1146,6705,3
4730,6705,1
5256,6705,5
3376,6705,5
7450,6706,2
5948,6706,4
7976,6706,2
3480,6706,2
8205,6706,2
9382,6706,1
2897,6706,1
4871,6706,2
2044,6706,2
8756,6706,5
628,6706,5
9366,6706,5
8367,6706,1
9165,6706,1
7437,6706,4
6681,6706,2
592,6706,4
5427,6706,1
2160,6706,5
9689,6706,2
9611,6707,4
7048,6707,1
4257,6707,1
1180,6707,4
5556,6707,3
1000,6707,4
671,6707,5
360,6707,1
6317,6707,2
2118,6707,1
9760,6707,4
8861,6707,1
3216,6707,4
8863,6707,4
9212,6707,5
7469,6707,4
1587,6707,2
7042,6707,3
3665,6707,5
5559,6707,5
3180,6708,3
3650,6708,2
2651,6708,5
938,6708,2
4138,6708,1
3028,6708,1
7414,6708,3
9223,6708,3
5958,6708,4
9127,6708,3
8150,6708,1
1545,6708,1
4079,6708,1
5998,6708,5
2093,6708,4
2562,6708,2
1000,6708,4
525,6708,1
850,6708,2
4415,6708,1
8747,6709,5
9246,6709,5
7568,6709,5
9460,6709,3
5001,6709,5
7142,6709,1
8450,6709,3
4239,6709,5
3107,6709,2
2339,6709,5
2219,6709,4
3674,6709,1
9440,6709,1
3073,6709,3
7591,6709,1
5037,6709,5
4837,6709,2
2320,6709,4
6521,6709,5
4995,6709,3
3792,6779,5
1712,6779,5
575,6779,5
4837,6779,2
8336,6779,5
745,6779,2
8404,6779,2
8386,6779,1
5953,6779,3
2134,6779,2
5183,6779,5
4267,6779,3
5094,6779,2
1156,6779,4
3762,6779,1
4828,6779,3
5353,6779,5
9163,6779,5
3502,6779,1
5389,6779,4
4356,6975,1
5759,6975,1
3681,6975,3
1068,6975,2
5448,6975,2
5423,6975,1
8967,6975,2
459,6975,2
5954,6975,1
6934,6975,3
9135,6975,3
2498,6975,1
2868,6975,3
8448,6975,4
3535,6975,3
7376,6975,4
1922,6975,3
1725,6975,5
3218,6975,3
1455,6975,5
8108,7049,4
859,7049,4
1966,7049,4
4585,7049,3
838,7049,3
27,7049,4
4116,7049,2
1020,7049,2
5542,7049,4
7739,7049,1
1080,7049,1
7670,7049,2
8381,7049,3
7742,7049,1
5674,7049,3
5429,7049,2
278,7049,5
3325,7049,3
861,7049,4
7770,7049,2
2884,7127,1
464,7127,4
7486,7127,4
9638,7127,3
7836,7127,2
6802,7127,1
7555,7127,4
5811,7127,4
8080,7127,2
1910,7127,1
5469,7127,4
4547,7127,5
6587,7127,5
4325,7127,2
6281,7127,3
7984,7127,2
2742,7127,5
7389,7127,5
817,7127,1
7618,7127,3
2052,7128,5
6019,7128,1
2160,7128,4
9077,7128,5
4671,7128,4
8290,7128,4
2440,7128,2
3949,7128,1
9805,7128,2
602,7128,1
7740,7128,5
9723,7128,2
4019,7128,4
1011,7128,5
634,7128,5
495,7128,3
4317,7128,1
5946,7128,1
9683,7128,5
9771,7128,5
8278,7211,4
5716,7211,3
41,7211,5
4995,7211,3
7951,7211,2
2260,7211,4
6518,7211,3
1743,7211,3
1448,7211,2
1752,7211,5
7020,7211,2
2672,7211,5
7383,7211,2
979,7211,4
2526,7211,1
3056,7211,4
5850,7211,2
9030,7211,4
549,7211,4
1477,7211,3
8798,7284,3
3615,7284,3
8754,7284,2
4438,7284,3
6820,7284,1
5542,7284,4
2169,7284,1
368,7284,4
3271,7284,2
6029,7284,2
8706,7284,2
425,7284,1
7414,7284,1
5856,7284,5
6873,7284,2
5858,7284,3
793,7284,4
1663,7284,1
9788,7284,2
8305,7284,4
9034,7505,1
4415,7505,2
8241,7505,1
4027,7505,2
6841,7505,1
8877,7505,1
3536,7505,1
9690,7505,1
1617,7505,5
4536,7505,2
8867,7505,1
3193,7505,1
2084,7505,3
7787,7505,3
9137,7505,3
1265,7505,4
8828,7505,2
3180,7505,3
4480,7505,5
8847,7505,1
3712,7506,5
6884,7506,5
2196,7506,1
7091,7506,1
4779,7506,3
3850,7506,1
1001,7506,5
4296,7506,5
1942,7506,3
9774,7506,5
8300,7506,1
107,7506,5
8532,7506,2
5694,7506,1
6344,7506,5
2257,7506,1
4182,7506,1
3764,7506,5
7019,7506,5
1814,7506,1
4024,7634,5
2167,7634,4
5919,7634,2
5097,7634,1
4003,7634,4
3422,7634,4
2985,7634,5
1211,7634,5
6421,7634,5
4411,7634,4
5413,7634,1
6410,7634,4
4662,7634,2
5797,7634,1
6787,7634,3
5573,7634,1
7712,7634,3
6159,7634,1
5812,7634,5
8710,7634,3
8894,7635,4
8816,7635,1
7530,7635,2
978,7635,4
5225,7635,4
6620,7635,3
1227,7635,3
7731,7635,3
1229,7635,3
6784,7635,1
5409,7635,2
755,7635,5
9498,7635,2
3002,7635,4
1008,7635,3
3391,7635,3
6814,7635,4
1946,7635,1
8823,7635,4
8635,7635,3
3621,7636,1
497,7636,2
9346,7636,4
8578,7636,4
6997,7636,3
7339,7636,5
662,7636,3
8682,7636,2
3193,7636,3
203,7636,5
6929,7636,2
3189,7636,4
2672,7636,3
8394,7636,3
8655,7636,4
5805,7636,2
6546,7636,5
2959,7636,3
1995,7636,2
8372,7636,5
931,7760,3
7352,7760,5
2998,7760,1
2041,7760,3
3068,7760,5
4956,7760,3
4003,7760,2
9536,7760,5
8429,7760,1
4777,7760,1
2616,7760,2
7614,7760,2
8770,7760,4
7832,7760,2
2868,7760,2
3030,7760,5
6502,7760,3
8319,7760,5
3784,7760,1
8090,7760,2
3275,7761,4
5074,7761,3
1344,7761,3
4067,7761,5
891,7761,4
8025,7761,4
7419,7761,1
2303,7761,2
5253,7761,4
7180,7761,3
2350,7761,5
4425,7761,4
3040,7761,4
4305,7761,1
5350,7761,1
7823,7761,2
3991,7761,5
5730,7761,2
1007,7761,2
20,7761,2
7465,7762,1
3890,7762,1
7090,7762,4
8781,7762,1
1564,7762,3
7410,7762,5
6051,7762,2
9288,7762,3
1071,7762,5
1661,7762,3
436,7762,5
3566,7762,4
1944,7762,3
1953,7762,3
6577,7762,3
4363,7762,4
2759,7762,4
9499,7762,3
9296,7762,3
7644,7762,5
740,7763,4
6119,7763,3
2034,7763,4
5392,7763,3
228,7763,3
7016,7763,5
7761,7763,2
4228,7763,5
8624,7763,5
3098,7763,5
2773,7763,5
2857,7763,3
3682,7763,3
5202,7763,2
7594,7763,2
8007,7763,2
8941,7763,5
3409,7763,1
3128,7763,4
9057,7763,2
101,7764,3
3349,7764,4
9803,7764,2
3816,7764,4
2780,7764,3
8822,7764,4
5861,7764,3
3774,7764,4
4083,7764,5
5986,7764,4
5931,7764,5
3583,7764,2
7301,7764,5
7941,7764,4
9441,7764,5
3712,7764,2
5318,7764,2
1557,7764,5
9147,7764,4
5846,7764,2
8168,7765,4
7092,7765,5
8998,7765,1
1472,7765,1
8922,7765,5
111,7765,1
4881,7765,4
3701,7765,4
7675,7765,3
7653,7765,4
8567,7765,1
8937,7765,1
2603,7765,5
1665,7765,1
1736,7765,5
4429,7765,1
5710,7765,4
5236,7765,4
9700,7765,5
5198,7765,4
686,7766,5
5602,7766,3
6521,7766,1
8874,7766,2
4218,7766,2
57,7766,5
3341,7766,3
7758,7766,2
8050,7766,3
4676,7766,5
5939,7766,3
518,7766,1
775,7766,1
4725,7766,1
8688,7766,2
6085,7766,3
1045,7766,4
8258,7766,2
6881,7766,3
1020,7766,5
2840,7767,1
8149,7767,4
530,7767,2
2120,7767,2
7418,7767,1
2116,7767,5
4674,7767,4
3413,7767,2
5554,7767,5
699,7767,4
9489,7767,4
1278,7767,1
4583,7767,1
618,7767,5
1589,7767,4
5636,7767,4
590,7767,5
1457,7767,3
1227,7767,3
4413,7767,3
5591,7768,1
2039,7768,5
1525,7768,1
400,7768,3
8769,7768,2
3360,7768,3
9420,7768,2
2998,7768,4
7695,7768,2
6330,7768,5
8852,7768,1
3016,7768,5
269,7768,3
1460,7768,1
3740,7768,4
3195,7768,2
668,7768,2
4927,7768,3
4792,7768,2
8856,7768,4
4728,7769,4
5608,7769,3
8071,7769,4
3222,7769,1
5014,7769,1
1314,7769,1
8102,7769,2
4441,7769,4
3310,7769,2
8977,7769,3
3385,7769,1
8604,7769,3
263,7769,3
3370,7769,4
8382,7769,2
9222,7769,4
5667,7769,3
2466,7769,3
1737,7769,2
5822,7769,4
4651,7770,4
454,7770,3
6575,7770,1
6342,7770,1
8324,7770,4
2841,7770,2
3404,7770,3
660,7770,4
7415,7770,3
1900,7770,1
5321,7770,2
3638,7770,3
2928,7770,3
3668,7770,2
8938,7770,4
1056,7770,1
717,7770,2
7761,7770,2
162,7770,2
6024,7770,3
591,7909,3
9621,7909,3
5707,7909,5
8847,7909,1
6195,7909,3
3477,7909,1
5646,7909,1
6766,7909,4
809,7909,3
9721,7909,2
4013,7909,3
1464,7909,1
204,7909,5
5502,7909,3
1551,7909,2
9004,7909,2
3890,7909,5
6149,7909,3
8399,7909,3
838,7909,4
5566,7910,2
2699,7910,5
3316,7910,2
1152,7910,1
797,7910,5
5634,7910,5
2481,7910,4
6716,7910,5
435,7910,4
5529,7910,2
3694,7910,2
4582,7910,1
4774,7910,3
4128,7910,3
4131,7910,2
3868,7910,4
1170,7910,1
7923,7910,3
9084,7910,4
7623,7910,4
3330,8043,3
2991,8043,5
8734,8043,1
5591,8043,3
8493,8043,3
4068,8043,4
3425,8043,1
762,8043,4
2997,8043,3
8716,8043,5
1012,8043,3
7239,8043,2
4704,8043,2
8051,8043,3
7114,8043,1
4673,8043,5
8586,8043,5
5658,8043,3
7540,8043,1
8851,8043,4
9819,8044,1
4055,8044,2
9772,8044,3
822,8044,2
1320,8044,4
3164,8044,5
5794,8044,5
2865,8044,5
9296,8044,4
7707,8044,1
8248,8044,1
6868,8044,3
5504,8044,4
4089,8044,4
4795,8044,1
8440,8044,1
2925,8044,4
134,8044,4
2042,8044,5
9955,8044,5
3767,8045,1
7931,8045,1
1180,8045,5
8165,8045,3
7345,8045,5
1373,8045,3
556,8045,5
8034,8045,4
4847,8045,3
1076,8045,3
5285,8045,2
4696,8045,4
5727,8045,4
5041,8045,5
6138,8045,1
5944,8045,1
6578,8045,3
687,8045,1
6181,8045,1
933,8045,3
344,8046,3
8021,8046,2
4205,8046,5
2432,8046,1
3174,8046,2
6727,8046,2
8194,8046,1
1297,8046,4
2778,8046,1
6415,8046,1
3320,8046,4
8922,8046,3
1253,8046,4
7206,8046,5
6921,8046,1
9015,8046,2
3442,8046,3
3802,8046,1
3122,8046,2
5718,8046,4
5895,8047,2
9523,8047,5
5438,8047,3
2408,8047,3
766,8047,3
9323,8047,1
6111,8047,2
5709,8047,4
8262,8047,3
2751,8047,4
1537,8047,2
6395,8047,3
9268,8047,2
1218,8047,1
6320,8047,5
5789,8047,4
1452,8047,4
5034,8047,5
3581,8047,2
5035,8047,4
9962,8048,3
2015,8048,4
7819,8048,1
6161,8048,2
8486,8048,1
7054,8048,1
1715,8048,2
4991,8048,5
8126,8048,3
1183,8048,3
3256,8048,2
2877,8048,4
558,8048,2
7749,8048,1
5379,8048,1
1635,8048,3
4201,8048,4
8817,8048,5
1620,8048,3
6946,8048,5
1675,8049,2
9675,8049,5
7490,8049,2
8625,8049,1
7018,8049,2
8873,8049,5
3727,8049,5
7936,8049,1
8602,8049,2
2198,8049,1
7487,8049,1
144,8049,5
839,8049,2
2511,8049,2
6264,8049,4
6050,8049,2
3086,8049,3
2413,8049,4
6466,8049,5
3191,8049,5
4630,8050,2
1346,8050,1
5346,8050,1
3657,8050,4
7762,8050,4
7358,8050,1
6546,8050,4
5386,8050,1
6960,8050,1
2713,8050,5
2447,8050,3
4806,8050,5
4299,8050,5
4922,8050,5
8349,8050,4
9429,8050,3
3366,8050,5
1197,8050,2
356,8050,4
9141,8050,1
2396,8051,1
663,8051,1
6345,8051,4
6876,8051,2
6201,8051,3
7758,8051,2
3353,8051,3
2583,8051,3
1860,8051,1
4166,8051,3
6334,8051,3
7659,8051,1
1688,8051,4
385,8051,1
8408,8051,1
6621,8051,3
2962,8051,2
904,8051,1
1587,8051,3
7898,8051,1
9435,8052,2
2385,8052,5
9805,8052,3
1379,8052,5
951,8052,2
9584,8052,5
7483,8052,3
5905,8052,1
3567,8052,2
5965,8052,2
6216,8052,5
7021,8052,2
4847,8052,4
4743,8052,4
8828,8052,4
9609,8052,2
3474,8052,3
1313,8052,5
7691,8052,1
7295,8052,1
345,8053,1
3423,8053,5
1748,8053,1
2333,8053,1
4276,8053,4
9075,8053,2
1428,8053,1
7224,8053,3
662,8053,5
5320,8053,4
5062,8053,2
3858,8053,4
7154,8053,1
1220,8053,4
6153,8053,1
9735,8053,4
7725,8053,4
6821,8053,4
1803,8053,3
2512,8053,1
5913,8160,3
2601,8160,1
9773,8160,3
2887,8160,5
7663,8160,1
239,8160,5
6470,8160,3
6792,8160,4
2246,8160,1
3502,8160,4
732,8160,5
5894,8160,4
3450,8160,1
2574,8160,4
5765,8160,5
9346,8160,2
8309,8160,2
3895,8160,1
6697,8160,2
8001,8160,1
933,8161,5
2291,8161,3
1567,8161,3
788,8161,2
4142,8161,4
6287,8161,1
9839,8161,3
7323,8161,2
6147,8161,2
2948,8161,5
1852,8161,4
9425,8161,1
7712,8161,1
8000,8161,5
7387,8161,3
2841,8161,1
9699,8161,2
2922,8161,2
4969,8161,4
5223,8161,5
8556,8162,2
7173,8162,4
3050,8162,3
6840,8162,5
513,8162,3
5461,8162,5
8533,8162,2
3357,8162,1
6595,8162,4
8817,8162,5
3958,8162,1
6448,8162,1
7966,8162,5
9383,8162,5
4159,8162,5
5304,8162,1
2612,8162,2
9608,8162,2
7986,8162,3
423,8162,4
3152,8163,4
3491,8163,3
6574,8163,2
8419,8163,4
1514,8163,4
4627,8163,5
228,8163,2
7711,8163,3
6384,8163,4
3635,8163,1
9606,8163,1
8092,8163,4
7487,8163,3
2118,8163,4
5636,8163,1
2859,8163,4
4270,8163,1
2709,8163,3
3372,8163,5
8088,8163,3
6716,8164,5
9437,8164,5
1793,8164,5
6586,8164,3
7666,8164,1
8378,8164,1
2477,8164,4
4779,8164,4
2461,8164,2
5205,8164,4
7125,8164,5
9460,8164,1
8434,8164,3
10000,8164,2
78,8164,3
3357,8164,4
9468,8164,3
8402,8164,5
9683,8164,1
3434,8164,3
7949,8165,5
6746,8165,5
3196,8165,1
7586,8165,5
4600,8165,1
7042,8165,1
69,8165,5
7919,8165,2
6231,8165,5
2798,8165,3
2327,8165,3
5966,8165,4
4742,8165,1
2448,8165,1
4443,8165,1
5584,8165,3
9004,8165,2
8685,8165,1
7684,8165,5
6693,8165,4
6158,8166,4
3411,8166,2
1812,8166,3
1555,8166,4
6645,8166,4
7637,8166,1
7833,8166,1
5153,8166,2
9494,8166,2
3410,8166,4
776,8166,2
6872,8166,1
802,8166,4
8405,8166,5
4107,8166,3
7117,8166,5
9088,8166,5
774,8166,4
7836,8166,1
3146,8166,3
486,8167,2
8606,8167,3
9468,8167,5
6210,8167,2
9917,8167,1
9261,8167,3
1151,8167,5
2337,8167,4
2856,8167,5
1374,8167,5
3203,8167,1
5205,8167,2
4217,8167,3
4657,8167,2
5583,8167,1
2152,8167,3
3825,8167,4
7820,8167,3
6622,8167,2
2245,8167,1
7753,8254,5
8142,8254,5
3900,8254,1
6958,8254,5
640,8254,4
7721,8254,1
9968,8254,1
6981,8254,2
2841,8254,3
9118,8254,1
7341,8254,3
2589,8254,4
4020,8254,1
9416,8254,4
4569,8254,4
9065,8254,2
1828,8254,4
6088,8254,4
9793,8254,3
4853,8254,4
9507,8573,3
441,8573,2
2841,8573,1
2230,8573,4
7901,8573,5
1849,8573,5
9979,8573,4
6760,8573,3
8004,8573,3
8979,8573,4
9324,8573,4
1254,8573,2
3178,8573,5
9186,8573,4
306,8573,4
9994,8573,3
7595,8573,4
5358,8573,4
2761,8573,3
6660,8573,5
3658,8574,1
775,8574,4
2399,8574,5
3600,8574,1
6809,8574,4
141,8574,5
1179,8574,5
7778,8574,5
871,8574,4
6409,8574,1
9483,8574,4
5439,8574,1
9904,8574,5
6788,8574,3
5852,8574,4
6826,8574,2
4368,8574,3
6744,8574,3
3503,8574,4
7911,8574,3
1997,8709,5
7778,8709,4
9529,8709,5
1087,8709,5
3445,8709,2
3069,8709,1
8076,8709,1
5138,8709,1
7657,8709,5
259,8709,4
1543,8709,4
8584,8709,3
8456,8709,4
3958,8709,3
1245,8709,1
9706,8709,4
5712,8709,2
5410,8709,2
7282,8709,5
79,8709,2
3823,8710,3
9615,8710,5
322,8710,3
8332,8710,5
2143,8710,5
2359,8710,4
3094,8710,3
8758,8710,4
6534,8710,2
7151,8710,1
390,8710,5
7606,8710,5
8209,8710,2
8363,8710,4
853,8710,3
7797,8710,5
5,8710,5
7458,8710,1
4794,8710,5
8994,8710,5
7642,8711,5
277,8711,2
6258,8711,1
5776,8711,3
5149,8711,4
4615,8711,1
5121,8711,4
1730,8711,5
5543,8711,5
3968,8711,2
7356,8711,4
3494,8711,2
9199,8711,4
7319,8711,1
1088,8711,3
377,8711,3
1848,8711,4
3366,8711,5
1071,8711,1
5432,8711,4
7390,8712,1
6840,8712,5
9266,8712,2
9225,8712,5
2281,8712,1
7146,8712,1
2454,8712,5
4713,8712,5
6567,8712,3
886,8712,1
3043,8712,4
4811,8712,3
3931,8712,2
5047,8712,4
4905,8712,4
2192,8712,1
4752,8712,1
9868,8712,1
5268,8712,5
4599,8712,3
2054,8713,2
3316,8713,2
465,8713,1
406,8713,5
8694,8713,2
5351,8713,5
1807,8713,1
9350,8713,3
9607,8713,4
546,8713,4
4046,8713,3
3937,8713,3
150,8713,2
696,8713,5
9306,8713,2
3328,8713,4
5810,8713,3
7659,8713,2
6866,8713,3
3270,8713,2
3886,8714,5
9008,8714,2
1384,8714,5
4816,8714,3
3827,8714,4
8741,8714,4
9163,8714,5
9587,8714,1
9692,8714,3
3613,8714,1
2560,8714,4
9678,8714,5
8435,8714,1
5287,8714,3
9473,8714,3
4900,8714,4
5991,8714,5
5356,8714,2
4478,8714,5
7587,8714,1
5627,8715,3
29,8715,1
1459,8715,5
8460,8715,4
9657,8715,3
10000,8715,2
3721,8715,3
3266,8715,5
9198,8715,5
4748,8715,2
455,8715,4
6849,8715,5
9572,8715,2
4958,8715,1
4285,8715,5
4431,8715,1
9174,8715,3
3500,8715,3
1175,8715,2
4049,8715,2
8309,8716,5
4176,8716,2
7857,8716,4
922,8716,1
2720,8716,5
8546,8716,3
3497,8716,5
65,8716,4
7576,8716,5
1915,8716,4
3425,8716,5
2030,8716,4
3855,8716,1
3391,8716,1
5058,8716,4
2759,8716,3
8885,8716,1
2334,8716,2
2603,8716,4
336,8716,5
2208,8717,4
2496,8717,3
7473,8717,1
1489,8717,2
3106,8717,1
4195,8717,3
5954,8717,2
916,8717,3
2184,8717,2
8226,8717,4
3407,8717,3
5066,8717,1
9236,8717,4
8304,8717,1
9084,8717,4
8160,8717,3
9639,8717,5
8821,8717,3
7446,8717,5
5318,8717,3
9172,8718,4
5977,8718,4
2344,8718,4
2853,8718,2
679,8718,1
5438,8718,1
4877,8718,4
8168,8718,2
5679,8718,3
5739,8718,3
810,8718,5
1994,8718,2
5356,8718,3
8939,8718,5
5157,8718,1
5065,8718,2
2175,8718,3
9261,8718,5
5793,8718,3
5949,8718,3
7155,8719,5
2480,8719,5
3941,8719,5
4371,8719,5
2949,8719,3
4119,8719,2
3972,8719,5
3058,8719,3
7182,8719,4
6672,8719,3
5964,8719,1
4864,8719,3
43,8719,4
3963,8719,4
4747,8719,1
6435,8719,4
4479,8719,3
5766,8719,1
9434,8719,5
9741,8719,3
3113,8892,3
5989,8892,2
5926,8892,2
4573,8892,5
9356,8892,4
1234,8892,2
7423,8892,3
1775,8892,3
9029,8892,1
7739,8892,4
1508,8892,1
316,8892,2
5295,8892,4
5988,8892,3
4138,8892,5
4009,8892,5
8124,8892,4
6447,8892,5
3047,8892,3
1535,8892,3
4016,9000,2
8530,9000,4
7691,9000,4
2993,9000,1
6587,9000,3
9941,9000,2
6632,9000,1
7730,9000,1
5702,9000,3
4307,9000,4
9529,9000,2
9252,9000,5
9669,9000,5
608,9000,5
4914,9000,4
4883,9000,4
5481,9000,3
3056,9000,2
9127,9000,4
5042,9000,3
7038,9001,1
90,9001,2
2923,9001,3
1844,9001,3
6132,9001,1
4250,9001,2
3071,9001,1
3162,9001,2
8618,9001,3
6835,9001,2
6802,9001,4
6666,9001,4
9012,9001,1
584,9001,1
8497,9001,4
9068,9001,4
7145,9001,5
4932,9001,1
4617,9001,4
6487,9001,4
3562,9002,5
7642,9002,2
2660,9002,1
8872,9002,3
6397,9002,5
108,9002,5
1811,9002,2
1986,9002,3
9896,9002,1
9008,9002,4
1839,9002,5
6346,9002,3
3878,9002,3
8456,9002,4
8772,9002,3
1924,9002,1
649,9002,3
4450,9002,1
385,9002,2
3572,9002,3
2912,9003,4
6783,9003,1
7096,9003,1
2398,9003,2
1976,9003,4
7172,9003,2
2846,9003,1
4930,9003,5
5169,9003,1
2158,9003,1
6718,9003,2
1145,9003,1
1674,9003,2
1293,9003,3
8253,9003,1
3767,9003,2
1352,9003,4
3327,9003,2
6943,9003,4
8706,9003,4
497,9004,2
8621,9004,4
5452,9004,4
5490,9004,2
328,9004,5
7015,9004,2
5867,9004,1
1069,9004,2
906,9004,5
2504,9004,4
8349,9004,1
3388,9004,5
8496,9004,5
3969,9004,2
6117,9004,1
846,9004,3
4983,9004,5
3081,9004,2
1013,9004,2
4522,9004,5
6006,9005,1
5541,9005,4
4763,9005,4
2699,9005,4
5127,9005,5
8275,9005,5
876,9005,1
8987,9005,1
1405,9005,1
5846,9005,4
5841,9005,3
1904,9005,3
6627,9005,3
2973,9005,1
9496,9005,5
9349,9005,1
9258,9005,2
8428,9005,5
251,9005,5
6512,9005,3
5119,9006,3
5018,9006,2
7140,9006,5
3948,9006,3
9106,9006,2
8330,9006,4
601,9006,3
7809,9006,5
4242,9006,4
9390,9006,5
3346,9006,2
3367,9006,1
1408,9006,3
7439,9006,3
9391,9006,5
2893,9006,3
6581,9006,5
6988,9006,5
1144,9006,1
7193,9006,2
6651,9007,3
5773,9007,3
7786,9007,5
3581,9007,1
8574,9007,3
9682,9007,4
463,9007,5
3646,9007,3
4231,9007,1
5008,9007,3
5522,9007,5
6018,9007,2
2572,9007,1
4471,9007,3
4377,9007,2
4115,9007,5
5509,9007,4
9100,9007,3
2168,9007,4
1767,9007,3
6296,9008,4
6617,9008,1
2665,9008,3
5917,9008,3
3528,9008,5
6821,9008,4
5128,9008,1
2917,9008,1
2234,9008,1
2014,9008,5
5357,9008,2
6174,9008,2
3661,9008,5
779,9008,1
8388,9008,3
4644,9008,3
5517,9008,3
179,9008,2
9208,9008,3
852,9008,1
3535,9009,4
8930,9009,5
1480,9009,5
8608,9009,4
8562,9009,1
7036,9009,1
3205,9009,1
5353,9009,3
1685,9009,3
7401,9009,4
4576,9009,1
6114,9009,1
6834,9009,1
5737,9009,5
7280,9009,1
1268,9009,3
4914,9009,3
4575,9009,2
3982,9009,5
2585,9009,5
8895,9139,5
3623,9139,5
1699,9139,1
378,9139,1
1787,9139,5
4136,9139,5
4258,9139,2
7604,9139,3
6430,9139,1
6617,9139,2
9441,9139,5
2855,9139,5
6141,9139,4
5586,9139,4
2903,9139,1
2303,9139,4
1048,9139,5
2077,9139,5
8719,9139,2
4705,9139,3
3689,9140,2
7151,9140,4
3961,9140,4
133,9140,5
6941,9140,5
4266,9140,3
1831,9140,4
4972,9140,2
875,9140,2
3258,9140,1
6091,9140,1
5693,9140,2
6422,9140,4
4787,9140,5
5671,9140,4
1292,9140,3
1087,9140,1
1237,9140,5
3863,9140,3
5663,9140,4
1898,9141,5
5444,9141,3
5677,9141,5
4567,9141,5
8445,9141,1
4093,9141,5
1496,9141,1
4479,9141,3
8443,9141,4
5692,9141,2
6575,9141,2
5765,9141,5
5827,9141,3
6273,9141,5
3633,9141,4
3649,9141,3
8080,9141,5
7856,9141,3
5714,9141,3
4417,9141,3
5696,9142,1
2371,9142,5
7611,9142,5
6910,9142,5
6945,9142,4
7479,9142,2
3834,9142,4
6758,9142,1
9769,9142,1
3695,9142,4
5791,9142,3
5079,9142,3
575,9142,1
3107,9142,3
5432,9142,3
8353,9142,3
8846,9142,3
7870,9142,3
4751,9142,2
9272,9142,5
9127,9228,5
9554,9228,5
735,9228,3
528,9228,1
1723,9228,5
70,9228,1
6164,9228,3
9903,9228,4
5603,9228,5
108,9228,5
5225,9228,4
8525,9228,2
4702,9228,1
2331,9228,2
7986,9228,2
6679,9228,1
5002,9228,4
8149,9228,2
7,9228,2
1981,9228,5
6308,9571,3
2503,9571,1
6811,9571,5
2610,9571,5
3478,9571,1
7325,9571,1
3953,9571,1
1114,9571,5
5899,9571,2
3813,9571,2
4075,9571,3
8865,9571,4
7141,9571,3
2863,9571,2
6186,9571,2
5072,9571,2
247,9571,3
8122,9571,2
2270,9571,1
5125,9571,3
584,9690,2
3910,9690,4
4100,9690,5
1431,9690,3
7026,9690,1
5418,9690,1
4166,9690,5
1983,9690,1
5939,9690,5
2488,9690,4
7656,9690,5
7762,9690,3
2754,9690,5
3852,9690,5
4607,9690,4
1852,9690,3
8768,9690,1
6317,9690,5
8048,9690,4
2542,9690,5
7726,9691,4
1388,9691,5
8312,9691,3
7271,9691,4
8116,9691,2
7120,9691,4
6888,9691,4
9691,9691,1
5384,9691,5
4179,9691,4
1893,9691,4
5732,9691,5
110,9691,3
1057,9691,2
9837,9691,3
8274,9691,2
4656,9691,2
1296,9691,3
1947,9691,4
3509,9691,4
5785,9816,3
8173,9816,5
7491,9816,4
5476,9816,4
8401,9816,1
7896,9816,3
2139,9816,1
4009,9816,5
2387,9816,3
8267,9816,2
4722,9816,1
8725,9816,2
4811,9816,1
8851,9816,5
7121,9816,2
1323,9816,2
6700,9816,2
3759,9816,5
4900,9816,5
6747,9816,3
2916,9817,2
2121,9817,5
4113,9817,1
4175,9817,2
210,9817,1
5050,9817,5
8302,9817,5
8484,9817,2
5231,9817,2
7985,9817,3
8794,9817,2
412,9817,1
4022,9817,3
51,9817,3
4216,9817,3
871,9817,3
8130,9817,1
2828,9817,3
6701,9817,4
7063,9817,2
9698,9903,1
1922,9903,1
6714,9903,4
9281,9903,5
2093,9903,5
1725,9903,3
3758,9903,2
7834,9903,3
7462,9903,5
9608,9903,1
8581,9903,3
781,9903,3
9078,9903,4
8116,9903,5
3603,9903,3
8926,9903,5
7322,9903,3
9559,9903,3
3662,9903,5
2707,9903,3
2743,9946,5
362,9946,4
1661,9946,3
9900,9946,3
6218,9946,1
677,9946,1
2163,9946,3
8957,9946,2
4202,9946,5
1653,9946,2
2322,9946,2
1915,9946,4
8931,9946,1
9954,9946,1
4870,9946,3
5947,9946,3
1925,9946,5
9482,9946,5
3817,9946,3
3482,9946,4
6363,9947,1
2411,9947,5
3011,9947,1
2388,9947,3
9855,9947,2
2149,9947,5
6470,9947,3
9237,9947,1
5643,9947,3
2869,9947,3
4218,9947,5
1021,9947,5
6559,9947,4
6173,9947,1
7678,9947,1
4868,9947,5
8462,9947,5
141,9947,5
244,9947,1
1715,9947,2
4554,9993,3
7011,9993,2
7824,9993,3
256,9993,4
1256,9993,4
447,9993,5
7108,9993,1
3943,9993,3
9976,9993,1
5747,9993,2
8957,9993,4
4900,9993,3
6877,9993,4
8665,9993,5
7700,9993,2
8572,9993,5
1862,9993,1
7354,9993,2
582,9993,3
8273,9993,4
5421,10118,3
6828,10118,2
2195,10118,4
6867,10118,2
2906,10118,1
7845,10118,3
3539,10118,2
9902,10118,2
911,10118,1
4514,10118,2
2428,10118,5
3050,10118,3
3771,10118,2
240,10118,4
4288,10118,4
6955,10118,2
4916,10118,2
6230,10118,5
2609,10118,1
3886,10118,4
7430,10119,1
5382,10119,1
2400,10119,4
901,10119,4
8582,10119,4
7880,10119,2
4796,10119,5
5347,10119,3
9262,10119,3
9592,10119,3
6935,10119,4
9002,10119,5
531,10119,3
6934,10119,5
2047,10119,4
2475,10119,1
9921,10119,2
2160,10119,2
5206,10119,4
5464,10119,3
4908,10120,2
4503,10120,4
7853,10120,3
9189,10120,5
5086,10120,5
1712,10120,3
7752,10120,1
9520,10120,2
5802,10120,3
9111,10120,2
9085,10120,2
6164,10120,3
7023,10120,5
6259,10120,5
6026,10120,3
8644,10120,1
8761,10120,3
6358,10120,5
5378,10120,4
1277,10120,2
8691,10121,4
4045,10121,4
268,10121,2
208,10121,4
9199,10121,3
6044,10121,2
5043,10121,1
2101,10121,5
3161,10121,4
1528,10121,2
7864,10121,1
5626,10121,5
5287,10121,1
8284,10121,2
8492,10121,5
7837,10121,2
4739,10121,2
9239,10121,4
8540,10121,2
8751,10121,2
5872,10122,4
3809,10122,5
681,10122,2
170,10122,3
3610,10122,5
4899,10122,1
6355,10122,3
984,10122,5
8281,10122,5
4032,10122,2
7032,10122,4
5643,10122,1
4830,10122,5
2526,10122,1
1857,10122,2
2940,10122,2
9174,10122,3
9963,10122,5
6040,10122,5
5769,10122,1
6887,10123,1
4602,10123,5
2146,10123,3
5488,10123,5
6806,10123,1
4617,10123,3
8970,10123,1
4922,10123,4
7619,10123,3
5166,10123,1
5057,10123,4
4563,10123,3
92,10123,2
1792,10123,4
5492,10123,1
8605,10123,2
823,10123,3
7346,10123,5
3449,10123,5
9800,10123,5
6378,10124,4
7857,10124,1
5542,10124,3
1768,10124,4
43,10124,3
7892,10124,5
8871,10124,3
6975,10124,2
8088,10124,4
9821,10124,4
5317,10124,3
2047,10124,3
3281,10124,5
9829,10124,4
4085,10124,2
6719,10124,1
2321,10124,2
708,10124,5
277,10124,3
2953,10124,1
5115,10125,2
2266,10125,2
1238,10125,5
5122,10125,2
5085,10125,4
8398,10125,3
8931,10125,5
4340,10125,3
8447,10125,3
7518,10125,3
8912,10125,4
9176,10125,3
174,10125,5
3418,10125,3
6231,10125,1
7714,10125,4
7981,10125,1
6454,10125,5
4872,10125,3
4438,10125,3
3613,10126,4
6410,10126,2
1500,10126,1
7643,10126,1
1011,10126,3
7466,10126,3
8691,10126,1
6167,10126,3
2237,10126,3
4287,10126,4
3576,10126,3
157,10126,1
2714,10126,4
3904,10126,5
9187,10126,5
3831,10126,3
3492,10126,4
5509,10126,3
9650,10126,3
3208,10126,5
6780,10127,2
4713,10127,5
6448,10127,5
2686,10127,1
4938,10127,3
6548,10127,3
5664,10127,5
4961,10127,3
1813,10127,2
9288,10127,5
9481,10127,4
3064,10127,2
3268,10127,5
207,10127,4
4145,10127,3
3205,10127,1
3791,10127,4
2119,10127,4
8962,10127,1
4008,10127,1
2911,10128,2
5748,10128,2
6545,10128,3
2094,10128,1
8044,10128,3
8076,10128,2
1043,10128,5
5488,10128,3
114,10128,1
5989,10128,4
4329,10128,1
6189,10128,5
3187,10128,4
9989,10128,1
2637,10128,3
9011,10128,2
4290,10128,2
7068,10128,4
3058,10128,5
4232,10128,5
7514,10129,2
9513,10129,5
5278,10129,4
4648,10129,2
2326,10129,2
5967,10129,5
9292,10129,3
6131,10129,5
9150,10129,4
3188,10129,4
6741,10129,4
5195,10129,1
8209,10129,2
2861,10129,3
9488,10129,3
8621,10129,4
4847,10129,4
1461,10129,5
6627,10129,5
1160,10129,1
3198,10294,2
7660,10294,4
7711,10294,2
658,10294,2
5255,10294,1
6088,10294,4
6409,10294,5
2464,10294,1
4925,10294,2
5141,10294,2
4731,10294,2
7949,10294,4
7422,10294,2
5342,10294,5
5089,10294,5
9560,10294,4
2286,10294,3
8723,10294,5
3497,10294,5
6587,10294,3
3325,10387,2
2533,10387,3
3915,10387,5
7980,10387,1
1391,10387,1
6105,10387,1
7719,10387,4
9815,10387,2
7370,10387,2
4524,10387,1
4759,10387,2
5129,10387,3
4278,10387,1
6581,10387,1
1795,10387,4
7756,10387,3
5000,10387,4
8325,10387,2
2249,10387,4
7690,10387,3
5192,10474,2
7233,10474,1
5224,10474,4
950,10474,5
3775,10474,1
5387,10474,1
5725,10474,3
8583,10474,1
2098,10474,4
4414,10474,3
7956,10474,1
8535,10474,4
9052,10474,1
845,10474,1
1358,10474,2
8198,10474,1
8510,10474,5
4166,10474,4
873,10474,1
8764,10474,4
2717,10475,5
3492,10475,1
5993,10475,2
7849,10475,5
3808,10475,4
6415,10475,1
6741,10475,1
6148,10475,5
4148,10475,3
7901,10475,2
9957,10475,2
7498,10475,3
8392,10475,3
9356,10475,4
3360,10475,1
2191,10475,3
534,10475,3
1958,10475,1
3150,10475,3
5465,10475,3
9665,10642,1
7975,10642,4
7464,10642,1
7909,10642,5
1068,10642,4
9150,10642,2
7066,10642,3
6255,10642,2
4535,10642,5
914,10642,1
5059,10642,3
8981,10642,1
1736,10642,3
626,10642,1
4352,10642,1
749,10642,3
142,10642,4
9155,10642,3
9220,10642,2
4571,10642,5
88,10769,3
635,10769,5
3349,10769,2
7672,10769,4
7098,10769,4
8200,10769,5
8800,10769,5
305,10769,4
309,10769,1
8589,10769,5
9067,10769,1
4029,10769,4
9013,10769,1
7602,10769,3
9411,10769,5
6912,10769,4
1937,10769,4
1731,10769,2
9742,10769,2
8276,10769,2
4869,10770,2
7199,10770,1
9363,10770,1
3224,10770,5
8440,10770,3
4678,10770,3
9322,10770,1
919,10770,2
2004,10770,3
723,10770,1
8911,10770,5
1683,10770,1
2404,10770,5
1362,10770,1
9525,10770,5
4051,10770,4
4474,10770,2
1516,10770,5
9700,10770,3
6854,10770,4
9224,10771,3
2702,10771,2
6595,10771,5
9982,10771,3
8746,10771,4
6635,10771,3
6864,10771,5
4033,10771,3
1949,10771,2
5970,10771,4
8808,10771,2
1981,10771,3
4080,10771,5
8895,10771,2
6059,10771,2
7467,10771,3
6092,10771,4
9120,10771,2
2757,10771,3
2711,10771,1
758,10772,2
3501,10772,3
3019,10772,4
2163,10772,4
6527,10772,3
3593,10772,4
4872,10772,1
3667,10772,5
7923,10772,5
1057,10772,1
6348,10772,5
305,10772,5
9960,10772,2
6864,10772,3
2922,10772,2
8080,10772,4
6477,10772,4
6060,10772,5
14,10772,1
1620,10772,3
2797,10773,1
181,10773,4
6654,10773,4
4407,10773,3
6156,10773,3
9487,10773,2
9807,10773,4
5715,10773,3
8193,10773,4
8470,10773,5
2696,10773,2
1759,10773,5
94,10773,4
2205,10773,4
526,10773,1
1223,10773,3
2336,10773,5
2211,10773,4
1469,10773,2
7759,10773,3
1826,10774,2
8324,10774,3
3228,10774,3
4329,10774,4
6405,10774,1
7761,10774,1
6217,10774,2
1765,10774,4
3048,10774,2
280,10774,2
7599,10774,2
9140,10774,3
6882,10774,2
2532,10774,5
3498,10774,3
7668,10774,3
5960,10774,3
7410,10774,5
8210,10774,1
5164,10774,1
6506,10775,1
2627,10775,1
1666,10775,5
8891,10775,4
5357,10775,5
3871,10775,2
6995,10775,5
5144,10775,1
9004,10775,3
1042,10775,1
1606,10775,2
1212,10775,5
1782,10775,5
8370,10775,4
6618,10775,1
9445,10775,5
3817,10775,5
7096,10775,4
3782,10775,1
373,10775,5
8856,10776,5
5494,10776,2
8385,10776,3
7453,10776,1
6531,10776,1
4422,10776,5
2939,10776,1
440,10776,3
8929,10776,4
4563,10776,1
7694,10776,1
5637,10776,2
1740,10776,2
5168,10776,4
6534,10776,4
2727,10776,2
9139,10776,5
6276,10776,4
1401,10776,5
1174,10776,4
3184,10777,1
9093,10777,4
1863,10777,2
1164,10777,2
5965,10777,3
1396,10777,1
7414,10777,1
8827,10777,5
7452,10777,1
8047,10777,2
953,10777,5
2119,10777,2
4957,10777,4
9851,10777,1
8876,10777,1
5180,10777,4
3446,10777,1
7086,10777,5
4265,10777,3
1877,10777,1
8008,10778,1
2810,10778,4
1459,10778,4
5732,10778,4
6220,10778,4
4407,10778,1
3504,10778,1
2719,10778,2
3959,10778,3
9173,10778,5
1704,10778,2
2265,10778,4
3755,10778,1
8145,10778,1
9754,10778,2
5084,10778,5
5657,10778,1
5678,10778,3
2493,10778,4
7034,10778,4
4968,10895,5
6581,10895,5
5414,10895,1
9049,10895,2
658,10895,3
8366,10895,1
5613,10895,3
3195,10895,1
2726,10895,5
383,10895,4
1761,10895,4
7826,10895,1
8920,10895,3
987,10895,4
2084,10895,2
6730,10895,5
6403,10895,3
1020,10895,4
7395,10895,4
9902,10895,5
2426,10896,3
768,10896,4
9854,10896,3
4786,10896,1
1984,10896,1
6390,10896,3
3845,10896,2
418,10896,4
5426,10896,1
3563,10896,3
504,10896,4
2075,10896,1
6678,10896,3
7300,10896,5
5495,10896,4
6659,10896,1
586,10896,1
8552,10896,1
1954,10896,5
2608,10896,4
7649,10897,1
6095,10897,3
1063,10897,4
3409,10897,3
9649,10897,5
4534,10897,3
5044,10897,5
4780,10897,4
6338,10897,3
2932,10897,4
6345,10897,5
7507,10897,3
2974,10897,1
6284,10897,2
577,10897,1
9015,10897,2
3795,10897,5
9841,10897,3
689,10897,1
6407,10897,5
591,10898,1
5722,10898,1
5151,10898,3
965,10898,1
6437,10898,3
1381,10898,4
8381,10898,1
6893,10898,1
4824,10898,3
3295,10898,1
6782,10898,1
5220,10898,2
105,10898,1
7287,10898,3
4947,10898,2
8544,10898,5
5386,10898,1
7579,10898,1
277,10898,2
3547,10898,4
280,10899,2
1477,10899,2
1715,10899,1
7718,10899,1
8012,10899,5
3440,10899,5
1547,10899,2
7290,10899,1
4639,10899,5
4478,10899,2
8704,10899,5
9443,10899,3
6991,10899,2
6234,10899,1
9547,10899,1
1184,10899,4
6009,10899,3
4200,10899,3
332,10899,4
4578,10899,1
7510,11012,1
6525,11012,3
9917,11012,5
5412,11012,4
5987,11012,2
1603,11012,5
6291,11012,5
4816,11012,5
7884,11012,5
557,11012,4
56,11012,4
8271,11012,1
6275,11012,3
2713,11012,1
8775,11012,2
6821,11012,3
2838,11012,5
4346,11012,5
3748,11012,5
1927,11012,4
5398,11082,2
4692,11082,5
6276,11082,4
5006,11082,1
9398,11082,1
9039,11082,1
8429,11082,1
7782,11082,3
1211,11082,2
9142,11082,2
6203,11082,4
2296,11082,5
7585,11082,1
3555,11082,3
1364,11082,2
7537,11082,2
9369,11082,3
3303,11082,5
5082,11082,2
2934,11082,3
9905,11083,3
79,11083,2
9826,11083,1
7164,11083,4
4205,11083,2
8573,11083,2
463,11083,2
2824,11083,3
6099,11083,2
5623,11083,2
6118,11083,2
413,11083,2
8243,11083,4
7634,11083,2
489,11083,1
57,11083,3
3529,11083,5
8662,11083,3
1407,11083,3
8990,11083,4
8110,11084,1
4596,11084,4
4776,11084,5
3762,11084,3
3641,11084,2
1136,11084,5
1341,11084,1
195,11084,4
3564,11084,3
7563,11084,3
259,11084,1
4641,11084,2
9192,11084,5
6359,11084,3
250,11084,5
6283,11084,3
7387,11084,4
2150,11084,5
7513,11084,4
8063,11084,1
4193,11085,5
6448,11085,5
1971,11085,3
8123,11085,4
5396,11085,4
1308,11085,4
8173,11085,1
7032,11085,2
226,11085,4
2081,11085,5
2987,11085,1
7738,11085,5
8914,11085,3
9372,11085,1
1583,11085,4
8734,11085,5
9337,11085,2
7553,11085,2
1909,11085,1
4271,11085,3
6918,11243,2
3586,11243,5
5344,11243,5
5542,11243,4
5198,11243,2
3773,11243,3
4278,11243,3
7006,11243,5
5311,11243,3
7133,11243,5
9237,11243,5
6524,11243,5
37,11243,1
1519,11243,5
5448,11243,3
7038,11243,5
9851,11243,4
5889,11243,1
9003,11243,5
3396,11243,2
8586,11244,2
307,11244,4
7532,11244,4
4057,11244,3
9295,11244,1
1823,11244,3
1407,11244,5
4983,11244,3
5629,11244,1
1950,11244,3
3115,11244,5
4407,11244,1
8496,11244,4
4209,11244,1
1497,11244,1
4959,11244,4
5274,11244,1
560,11244,3
6705,11244,1
6130,11244,2
1008,11285,3
5181,11285,4
3496,11285,3
4115,11285,5
3153,11285,5
2442,11285,4
6070,11285,5
4563,11285,5
8347,11285,2
8938,11285,2
7056,11285,3
2800,11285,2
1370,11285,5
5933,11285,1
4782,11285,4
3625,11285,4
5906,11285,1
2897,11285,1
2577,11285,1
1765,11285,2
338,11365,4
5621,11365,2
6604,11365,2
8613,11365,5
9660,11365,5
4033,11365,5
4778,11365,2
1438,11365,1
3451,11365,1
3629,11365,1
1985,11365,3
8137,11365,2
465,11365,2
8021,11365,5
7573,11365,5
1608,11365,1
8885,11365,4
9469,11365,1
2349,11365,1
2744,11365,4
8819,11366,4
6506,11366,5
378,11366,2
2058,11366,5
914,11366,5
3557,11366,4
6290,11366,3
2452,11366,4
2511,11366,1
5955,11366,3
7331,11366,5
2737,11366,1
9452,11366,1
298,11366,3
9924,11366,3
1375,11366,1
5658,11366,5
7060,11366,2
8228,11366,1
8109,11366,2
8457,11409,1
1608,11409,3
9782,11409,1
485,11409,4
4674,11409,2
8309,11409,4
880,11409,3
2732,11409,2
8563,11409,3
280,11409,4
4156,11409,3
8185,11409,4
1053,11409,5
3184,11409,1
8438,11409,1
7227,11409,3
6279,11409,1
597,11409,5
463,11409,1
4204,11409,2
4523,11410,3
3669,11410,3
3225,11410,2
5355,11410,2
1371,11410,4
1428,11410,2
4446,11410,2
4816,11410,1
8691,11410,5
5702,11410,2
6731,11410,2
5391,11410,4
4986,11410,2
354,11410,3
4844,11410,4
1503,11410,4
6215,11410,2
4286,11410,3
645,11410,5
4950,11410,1
1296,11531,3
7822,11531,2
616,11531,5
6798,11531,3
8614,11531,5
761,11531,4
5035,11531,4
7015,11531,1
7531,11531,1
30,11531,5
8835,11531,5
7977,11531,1
503,11531,2
1753,11531,2
5334,11531,1
1635,11531,3
4165,11531,4
6070,11531,2
3325,11531,4
925,11531,4
6879,11532,3
7468,11532,2
4834,11532,2
1817,11532,3
8877,11532,1
6341,11532,2
9371,11532,2
6552,11532,2
8195,11532,4
479,11532,2
6820,11532,5
8807,11532,4
9579,11532,5
3812,11532,2
7599,11532,3
1357,11532,5
967,11532,3
9206,11532,3
7025,11532,2
4273,11532,3
7355,11533,3
2437,11533,2
6009,11533,5
4348,11533,3
3134,11533,2
2201,11533,4
2300,11533,4
9985,11533,2
2188,11533,3
142,11533,4
2547,11533,3
1726,11533,2
7825,11533,3
4615,11533,3
5536,11533,2
6927,11533,5
1525,11533,4
2595,11533,3
5622,11533,3
7328,11533,1
5352,11534,1
361,11534,1
8741,11534,3
1205,11534,4
8577,11534,2
2628,11534,2
6894,11534,2
4089,11534,1
1159,11534,3
4677,11534,2
3514,11534,2
2593,11534,4
1160,11534,2
3785,11534,2
8856,11534,4
1550,11534,4
3607,11534,2
9782,11534,3
3818,11534,3
5784,11534,4
9678,11535,3
9686,11535,1
8604,11535,5
3723,11535,2
2245,11535,4
7932,11535,5
4379,11535,4
5407,11535,2
7920,11535,4
51,11535,4
7573,11535,1
1372,11535,1
4198,11535,1
8175,11535,4
2779,11535,1
8069,11535,3
8220,11535,1
645,11535,4
9752,11535,2
4206,11535,4
9507,11536,4
6250,11536,1
502,11536,3
2285,11536,4
2043,11536,4
1128,11536,3
8172,11536,5
2791,11536,1
6076,11536,2
3160,11536,1
4335,11536,3
1199,11536,4
4952,11536,1
9536,11536,5
2644,11536,2
9578,11536,4
1507,11536,3
9311,11536,3
4276,11536,5
4413,11536,5
8669,11537,4
7119,11537,1
9813,11537,5
4359,11537,2
2210,11537,1
1226,11537,5
3173,11537,3
8369,11537,5
2581,11537,1
1383,11537,5
1956,11537,4
8960,11537,5
2811,11537,1
5875,11537,5
3025,11537,2
5208,11537,3
8040,11537,3
5320,11537,4
1594,11537,2
9352,11537,1
5909,11538,2
2556,11538,3
1272,11538,4
6306,11538,5
7277,11538,3
2176,11538,3
1201,11538,2
2063,11538,3
9331,11538,4
2753,11538,3
1366,11538,1
3906,11538,5
7367,11538,3
9516,11538,1
2183,11538,5
2211,11538,2
7844,11538,3
9100,11538,1
4265,11538,1
9702,11538,1
850,11539,4
6087,11539,2
9584,11539,5
3973,11539,5
1617,11539,3
8810,11539,2
2346,11539,3
2457,11539,2
9099,11539,5
4089,11539,2
5697,11539,5
8018,11539,1
1907,11539,1
1263,11539,4
1244,11539,5
9016,11539,1
1493,11539,5
5075,11539,2
9174,11539,4
4036,11539,3
5625,11540,3
2587,11540,2
7811,11540,4
4193,11540,1
5967,11540,4
9385,11540,2
1123,11540,3
8010,11540,5
7942,11540,5
5899,11540,2
7838,11540,2
960,11540,2
1212,11540,3
8963,11540,4
2505,11540,3
2363,11540,2
6703,11540,4
110,11540,1
1682,11540,5
8902,11540,4
2323,11541,2
5622,11541,3
1477,11541,2
9424,11541,3
7617,11541,4
237,11541,3
9541,11541,1
2235,11541,2
2192,11541,1
6635,11541,5
7286,11541,2
4162,11541,1
8103,11541,2
1260,11541,1
9576,11541,4
8446,11541,1
8311,11541,3
2341,11541,4
8439,11541,2
1603,11541,5
8700,11542,4
2269,11542,2
5218,11542,5
191,11542,4
4294,11542,1
7919,11542,3
7969,11542,3
3723,11542,4
1669,11542,1
494,11542,4
3343,11542,4
3450,11542,1
5214,11542,3
7510,11542,2
1195,11542,1
6189,11542,4
3296,11542,3
418,11542,3
7608,11542,1
3952,11542,4
4509,11543,2
2830,11543,2
4982,11543,4
7051,11543,4
5974,11543,5
8063,11543,2
1452,11543,2
6284,11543,3
6677,11543,3
8187,11543,5
6694,11543,4
1709,11543,5
4222,11543,4
8572,11543,2
2734,11543,1
8321,11543,5
7397,11543,5
3339,11543,5
1349,11543,5
2093,11543,2
6236,11686,4
1745,11686,1
6488,11686,2
3219,11686,5
5613,11686,2
2646,11686,1
9759,11686,2
5963,11686,4
9061,11686,4
8722,11686,4
2519,11686,2
457,11686,1
882,11686,4
3832,11686,2
1694,11686,4
3177,11686,3
9894,11686,2
9497,11686,5
4327,11686,4
2157,11686,5
245,11768,1
5021,11768,3
4285,11768,5
5027,11768,1
2012,11768,3
2424,11768,2
1036,11768,4
9947,11768,4
4261,11768,1
6468,11768,1
2913,11768,4
8546,11768,1
8517,11768,2
675,11768,4
6776,11768,1
8760,11768,1
9803,11768,2
9018,11768,2
2950,11768,3
359,11768,5
1422,11836,5
9650,11836,3
8500,11836,3
7555,11836,5
3535,11836,4
1973,11836,1
3009,11836,4
9703,11836,5
3107,11836,5
832,11836,3
8852,11836,2
4398,11836,4
1084,11836,5
3254,11836,3
5945,11836,1
7413,11836,1
6114,11836,2
3514,11836,2
2367,11836,4
444,11836,3
7699,11837,5
3922,11837,3
464,11837,2
4870,11837,3
6435,11837,2
9993,11837,4
6946,11837,3
154,11837,1
1063,11837,2
3477,11837,5
5413,11837,4
4835,11837,5
1815,11837,1
5246,11837,2
8279,11837,1
7676,11837,4
3308,11837,2
5215,11837,2
5982,11837,2
9738,11837,4
7551,11838,4
3527,11838,5
86,11838,1
9868,11838,2
5862,11838,2
8267,11838,5
9592,11838,5
920,11838,4
2364,11838,4
6133,11838,5
615,11838,1
2813,11838,4
9151,11838,3
5646,11838,5
181,11838,4
7698,11838,2
9930,11838,1
9441,11838,2
7204,11838,4
2988,11838,5
8883,11839,1
3184,11839,5
2626,11839,5
8403,11839,3
8531,11839,2
5882,11839,5
9248,11839,2
6969,11839,5
4307,11839,1
988,11839,3
3166,11839,5
779,11839,4
2544,11839,4
6034,11839,3
2197,11839,4
2751,11839,4
4100,11839,3
9694,11839,4
1335,11839,3
1461,11839,2
9431,11840,3
9711,11840,4
226,11840,5
4970,11840,3
763,11840,5
1073,11840,3
678,11840,1
1977,11840,3
5502,11840,4
3662,11840,5
2948,11840,5
1029,11840,1
9932,11840,3
79,11840,5
2789,11840,4
6404,11840,4
2281,11840,4
6957,11840,1
6093,11840,2
40,11840,1
3539,11841,4
4078,11841,4
9893,11841,4
6125,11841,4
5988,11841,1
9433,11841,2
9258,11841,4
5599,11841,4
5355,11841,1
377,11841,1
7507,11841,4
6939,11841,5
7705,11841,3
2942,11841,1
8826,11841,2
1067,11841,2
7142,11841,2
7687,11841,1
7977,11841,1
2502,11841,4
5092,11842,5
575,11842,2
1605,11842,1
6897,11842,4
8777,11842,3
4934,11842,2
1702,11842,3
9258,11842,2
1934,11842,1
433,11842,2
5233,11842,3
7739,11842,4
2247,11842,1
397,11842,1
622,11842,5
1648,11842,5
7066,11842,2
5156,11842,5
6567,11842,4
7877,11842,3
9784,11843,3
3834,11843,5
3475,11843,1
1695,11843,1
1208,11843,2
2140,11843,4
8348,11843,5
6259,11843,4
9145,11843,2
9792,11843,3
3969,11843,1
121,11843,4
5223,11843,1
1026,11843,1
3149,11843,3
9341,11843,3
4668,11843,4
4719,11843,4
3518,11843,2
8143,11843,4
2705,11844,4
7667,11844,4
6083,11844,5
5534,11844,3
9234,11844,5
9129,11844,2
5626,11844,4
9695,11844,4
6750,11844,3
223,11844,5
2202,11844,1
6746,11844,2
3980,11844,3
8898,11844,4
7212,11844,2
6588,11844,2
41,11844,3
1624,11844,4
541,11844,3
5979,11844,2
850,11923,4
5974,11923,3
3290,11923,2
5545,11923,2
7041,11923,2
2646,11923,4
9516,11923,2
2069,11923,2
8972,11923,5
9579,11923,5
1899,11923,5
9676,11923,3
8781,11923,4
7749,11923,4
9000,11923,1
267,11923,3
1429,11923,2
9217,11923,2
7363,11923,1
6146,11923,5
5122,11924,2
8714,11924,1
7506,11924,4
9707,11924,2
6580,11924,5
5716,11924,1
2930,11924,5
2603,11924,3
3878,11924,4
3971,11924,1
8920,11924,5
2636,11924,1
3615,11924,3
344,11924,4
7476,11924,3
2284,11924,4
5624,11924,5
9559,11924,2
2365,11924,1
8995,11924,2
5902,11925,4
4488,11925,5
3386,11925,1
7940,11925,3
8505,11925,3
2392,11925,5
4782,11925,2
915,11925,5
6330,11925,5
8240,11925,1
6457,11925,4
5892,11925,1
1025,11925,5
7899,11925,2
4628,11925,4
5537,11925,5
2970,11925,5
6200,11925,1
2082,11925,2
8932,11925,5
5713,12108,4
2,12108,1
442,12108,3
6797,12108,4
1301,12108,4
8840,12108,2
3795,12108,3
1847,12108,1
2831,12108,1
6599,12108,3
6873,12108,2
2687,12108,1
630,12108,4
7340,12108,4
6563,12108,1
312,12108,5
8646,12108,2
9930,12108,1
7816,12108,3
9621,12108,4
6883,12109,3
8059,12109,2
3006,12109,1
9967,12109,2
3757,12109,2
1688,12109,2
42,12109,4
8081,12109,5
4158,12109,1
1540,12109,1
1110,12109,2
509,12109,2
6472,12109,4
8186,12109,2
9911,12109,2
9600,12109,3
9644,12109,1
6519,12109,2
5248,12109,4
6763,12109,4
834,12110,5
780,12110,2
4418,12110,2
5587,12110,5
8027,12110,2
819,12110,2
1114,12110,2
3007,12110,4
3106,12110,1
9669,12110,2
9933,12110,3
4377,12110,1
6801,12110,5
4705,12110,5
6792,12110,4
2082,12110,3
7621,12110,1
4036,12110,3
8318,12110,1
2851,12110,3
2152,12111,4
2365,12111,1
4035,12111,5
24,12111,4
1809,12111,2
4320,12111,2
3461,12111,3
5128,12111,3
6988,12111,4
801,12111,5
8943,12111,4
1625,12111,2
2392,12111,5
6818,12111,3
7400,12111,4
7463,12111,2
778,12111,4
3773,12111,5
6880,12111,5
9491,12111,3
4603,12244,5
8763,12244,4
8184,12244,1
5935,12244,5
5318,12244,2
4655,12244,1
4513,12244,3
7478,12244,3
3847,12244,5
3976,12244,5
6116,12244,2
4016,12244,2
1101,12244,4
9573,12244,2
889,12244,5
220,12244,5
2048,12244,3
3363,12244,3
1292,12244,1
6809,12244,3
3501,12369,5
5595,12369,4
5311,12369,4
8727,12369,2
3634,12369,2
1224,12369,4
7172,12369,2
2735,12369,4
4763,12369,4
3793,12369,2
5892,12369,4
6715,12369,5
2183,12369,1
8427,12369,3
7449,12369,5
6095,12369,4
5191,12369,1
5288,12369,4
2946,12369,5
2011,12369,2
277,12370,1
1444,12370,4
4318,12370,5
3013,12370,3
4230,12370,2
1413,12370,3
5577,12370,1
6337,12370,3
8,12370,1
6366,12370,3
1713,12370,1
5554,12370,3
2814,12370,2
7117,12370,4
8870,12370,3
5331,12370,1
1696,12370,4
5833,12370,4
8585,12370,4
9741,12370,1
3331,12371,4
788,12371,2
9653,12371,5
9875,12371,4
937,12371,4
1510,12371,5
5279,12371,2
9260,12371,3
6247,12371,1
1966,12371,4
8413,12371,5
5632,12371,4
6261,12371,4
4429,12371,3
1413,12371,1
1637,12371,1
5752,12371,2
9122,12371,5
2764,12371,2
1348,12371,1
6346,12372,5
5458,12372,1
1146,12372,1
4133,12372,5
9652,12372,1
966,12372,5
6336,12372,2
343,12372,4
5439,12372,3
950,12372,3
7280,12372,5
6710,12372,4
6756,12372,4
6716,12372,5
376,12372,2
5708,12372,2
5735,12372,4
7867,12372,2
9184,12372,5
3548,12372,3
4771,12444,3
1752,12444,1
8597,12444,3
8842,12444,3
2137,12444,5
2481,12444,1
1980,12444,3
8805,12444,3
7144,12444,3
8663,12444,5
7718,12444,3
3070,12444,2
1784,12444,4
4660,12444,1
641,12444,4
9401,12444,3
221,12444,3
173,12444,1
763,12444,5
1170,12444,2
7732,12445,4
4702,12445,3
4061,12445,4
7651,12445,5
9609,12445,4
4801,12445,3
9092,12445,4
3905,12445,1
8484,12445,4
3726,12445,4
848,12445,5
603,12445,5
2079,12445,5
6879,12445,1
7578,12445,3
2549,12445,2
3351,12445,1
1738,12445,1
7048,12445,3
6991,12445,2
2681,12446,4
3169,12446,3
3115,12446,1
9982,12446,4
9120,12446,1
2207,12446,1
2265,12446,4
3725,12446,4
5186,12446,5
4930,12446,1
689,12446,5
3818,12446,3
1643,12446,5
6457,12446,4
1965,12446,4
4591,12446,3
348,12446,5
2741,12446,3
1824,12446,4
4243,12446,1
4336,12447,1
1533,12447,3
1852,12447,5
2290,12447,2
3317,12447,2
6385,12447,4
3055,12447,3
4714,12447,4
6235,12447,1
9262,12447,1
3407,12447,2
5412,12447,5
1480,12447,3
8945,12447,3
9842,12447,4
7565,12447,2
174,12447,1
7170,12447,3
4429,12447,3
7627,12447,5
6800,12448,1
8064,12448,1
5972,12448,3
7939,12448,1
4114,12448,4
1061,12448,5
6206,12448,2
1355,12448,1
2773,12448,1
8992,12448,4
51,12448,1
9268,12448,2
4251,12448,2
9913,12448,2
6171,12448,3
6847,12448,2
2529,12448,3
1851,12448,3
1863,12448,1
1981,12448,4
4665,12449,1
2603,12449,3
9165,12449,1
2140,12449,4
7942,12449,1
1563,12449,1
2038,12449,1
2460,12449,3
4379,12449,3
8047,12449,5
728,12449,5
214,12449,3
2791,12449,4
8622,12449,3
4038,12449,3
5384,12449,2
2369,12449,4
6266,12449,2
6125,12449,2
1406,12449,2
6389,12450,2
6503,12450,5
4941,12450,5
6054,12450,4
9878,12450,4
1556,12450,5
5254,12450,5
5971,12450,4
9870,12450,2
9213,12450,1
6431,12450,1
6290,12450,3
4533,12450,3
2605,12450,5
2498,12450,3
7414,12450,1
3381,12450,4
3309,12450,5
8856,12450,4
1489,12450,3
3760,12451,4
6153,12451,3
441,12451,5
8360,12451,3
1690,12451,5
1136,12451,5
4572,12451,5
7199,12451,4
843,12451,5
7483,12451,2
5006,12451,3
4526,12451,4
7764,12451,5
5004,12451,2
2496,12451,3
5380,12451,1
8992,12451,4
7309,12451,4
5274,12451,5
6100,12451,5
7720,12452,5
822,12452,2
921,12452,4
6582,12452,3
351,12452,5
8868,12452,2
2943,12452,5
1035,12452,3
5841,12452,3
4952,12452,5
1527,12452,2
2173,12452,5
5398,12452,3
4694,12452,3
9737,12452,5
8545,12452,2
5534,12452,5
5345,12452,3
3233,12452,1
1142,12452,5
1379,12453,3
6872,12453,5
3492,12453,3
9996,12453,5
7917,12453,3
1964,12453,5
9328,12453,3
1976,12453,4
872,12453,4
6839,12453,2
7864,12453,1
2356,12453,5
4780,12453,4
8713,12453,1
2901,12453,5
4171,12453,3
250,12453,4
3658,12453,5
6663,12453,4
7481,12453,2
9534,12555,2
2118,12555,4
3946,12555,1
5141,12555,2
5893,12555,5
3908,12555,1
9572,12555,3
802,12555,2
205,12555,5
733,12555,3
5857,12555,5
1834,12555,4
3733,12555,3
7876,12555,4
5388,12555,2
8622,12555,4
5120,12555,5
7228,12555,5
8272,12555,4
1644,12555,2
4392,12556,5
7221,12556,2
1203,12556,5
5553,12556,1
3794,12556,3
8640,12556,5
2754,12556,2
735,12556,4
7906,12556,4
6070,12556,4
4452,12556,4
3819,12556,2
5390,12556,1
9670,12556,2
4395,12556,5
9992,12556,3
8557,12556,3
8438,12556,2
4037,12556,4
2990,12556,1
9885,12557,1
4348,12557,5
2759,12557,2
2961,12557,4
1164,12557,2
2542,12557,4
8616,12557,2
9756,12557,4
9679,12557,2
4814,12557,3
4996,12557,3
7770,12557,3
2151,12557,2
5415,12557,5
3387,12557,5
7450,12557,5
221,12557,3
7102,12557,2
2951,12557,3
73,12557,5
4902,12558,3
4791,12558,2
1437,12558,2
1077,12558,1
4517,12558,2
5046,12558,3
2826,12558,4
2695,12558,4
7471,12558,1
9634,12558,5
4278,12558,1
7525,12558,5
5418,12558,2
799,12558,2
1689,12558,2
2473,12558,5
7603,12558,2
5351,12558,5
711,12558,1
2002,12558,5
6998,12559,2
9224,12559,5
1188,12559,3
3604,12559,2
9151,12559,2
1150,12559,2
1549,12559,3
5065,12559,5
8588,12559,1
8664,12559,4
9139,12559,1
5530,12559,2
4278,12559,2
4981,12559,2
2142,12559,3
6538,12559,5
4715,12559,4
6946,12559,4
9988,12559,2
4181,12559,2
9800,12673,1
5893,12673,3
7466,12673,5
3807,12673,2
6191,12673,4
8693,12673,3
6549,12673,5
6084,12673,1
2935,12673,1
5009,12673,2
4837,12673,4
564,12673,3
1520,12673,2
9233,12673,3
1029,12673,3
8285,12673,2
576,12673,1
8594,12673,2
8574,12673,5
9544,12673,1
2034,12802,4
3994,12802,4
8670,12802,1
1361,12802,5
7016,12802,1
5198,12802,1
8794,12802,1
1177,12802,3
9531,12802,4
4843,12802,4
4237,12802,5
2653,12802,1
4728,12802,4
9433,12802,3
4547,12802,4
5557,12802,4
6547,12802,4
7813,12802,5
2568,12802,2
632,12802,5
2690,12956,3
6015,12956,2
314,12956,5
9207,12956,2
8645,12956,3
5185,12956,5
4890,12956,1
9787,12956,4
5263,12956,2
9412,12956,3
8477,12956,5
4904,12956,3
8832,12956,1
6726,12956,5
6243,12956,1
1780,12956,1
7672,12956,4
2756,12956,2
6305,12956,1
1715,12956,3
18,12957,2
3696,12957,4
2457,12957,4
1527,12957,1
3,12957,5
2433,12957,4
2110,12957,1
5878,12957,4
8720,12957,1
1769,12957,2
9568,12957,3
6461,12957,1
8410,12957,3
1211,12957,3
1305,12957,5
5009,12957,4
103,12957,1
7295,12957,3
1757,12957,1
170,12957,4
6588,12958,3
1280,12958,3
8938,12958,3
3477,12958,2
2389,12958,3
5312,12958,3
3400,12958,5
4474,12958,4
2465,12958,1
8778,12958,2
5506,12958,5
575,12958,3
4465,12958,5
2871,12958,3
4928,12958,4
7550,12958,4
1035,12958,4
7680,12958,1
2638,12958,2
739,12958,5
2374,12959,2
7334,12959,2
1801,12959,2
2340,12959,1
1769,12959,2
324,12959,3
1081,12959,2
6320,12959,3
7411,12959,5
5565,12959,3
5898,12959,1
1438,12959,5
4335,12959,4
1475,12959,2
9399,12959,4
3889,12959,4
1171,12959,1
2510,12959,2
342,12959,2
15,12959,5
3153,12960,2
2658,12960,2
3600,12960,1
9423,12960,5
3810,12960,5
7511,12960,2
9057,12960,2
1321,12960,3
4950,12960,2
5913,12960,4
8164,12960,3
301,12960,3
7465,12960,5
8399,12960,4
4748,12960,4
5922,12960,4
1185,12960,5
5204,12960,2
6659,12960,5
1725,12960,4
1212,12961,4
3620,12961,4
8646,12961,4
4175,12961,1
6899,12961,3
9840,12961,3
6086,12961,2
9255,12961,2
2427,12961,1
6221,12961,2
9708,12961,1
9215,12961,3
9599,12961,2
8617,12961,1
4666,12961,3
1264,12961,2
2774,12961,5
9567,12961,3
7001,12961,3
7906,12961,1
770,12962,4
627,12962,5
5498,12962,2
6477,12962,5
5770,12962,2
7682,12962,5
9307,12962,4
5657,12962,4
238,12962,4
3530,12962,5
541,12962,4
4238,12962,4
613,12962,4
1184,12962,1
6139,12962,5
8652,12962,4
8013,12962,1
3177,12962,3
3979,12962,3
3287,12962,4
2681,13122,1
8957,13122,3
7974,13122,1
2090,13122,4
8481,13122,3
4685,13122,3
2386,13122,4
6499,13122,3
8237,13122,4
5686,13122,5
3332,13122,5
7844,13122,3
5252,13122,4
2002,13122,5
4910,13122,5
7457,13122,5
7613,13122,1
7286,13122,5
360,13122,1
7017,13122,4
570,13123,1
2486,13123,4
2706,13123,4
8807,13123,1
7754,13123,5
7224,13123,2
2202,13123,2
5396,13123,4
8588,13123,4
981,13123,5
5981,13123,4
2800,13123,3
4817,13123,1
4573,13123,2
7377,13123,1
8912,13123,5
9841,13123,1
845,13123,5
9593,13123,5
2152,13123,5
5567,13124,4
2240,13124,5
9430,13124,2
3374,13124,3
4508,13124,1
7870,13124,1
3824,13124,4
8715,13124,1
2598,13124,4
6463,13124,2
8027,13124,2
7628,13124,5
4703,13124,3
5408,13124,3
6047,13124,2
5382,13124,3
5301,13124,4
7469,13124,2
9135,13124,5
3617,13124,5
2244,13125,4
6578,13125,5
1160,13125,5
9448,13125,2
8285,13125,1
1833,13125,2
6530,13125,5
9352,13125,3
3604,13125,5
5999,13125,2
5966,13125,5
6297,13125,5
5937,13125,2
5738,13125,4
1314,13125,4
3719,13125,2
3757,13125,5
5414,13125,3
7484,13125,3
271,13125,3
2282,13126,1
7973,13126,5
2671,13126,2
5969,13126,1
2722,13126,2
4460,13126,5
8825,13126,4
1709,13126,1
2824,13126,5
2895,13126,3
4774,13126,1
7332,13126,5
1897,13126,3
2984,13126,1
3185,13126,5
5668,13126,1
6735,13126,4
85,13126,2
4109,13126,4
6310,13126,5
5957,13227,3
9424,13227,3
6689,13227,2
1731,13227,5
2186,13227,4
8399,13227,3
5870,13227,4
6300,13227,4
3664,13227,3
2061,13227,1
7830,13227,4
777,13227,5
4268,13227,3
3763,13227,2
3725,13227,1
8228,13227,3
1935,13227,2
3426,13227,4
445,13227,2
5960,13227,1
4664,13321,1
9919,13321,4
9236,13321,5
9020,13321,5
4650,13321,3
7850,13321,4
3561,13321,3
490,13321,1
6187,13321,2
5710,13321,2
5763,13321,5
5560,13321,2
424,13321,1
8879,13321,2
7346,13321,1
2389,13321,2
8386,13321,5
9778,13321,3
1613,13321,1
4129,13321,4
4809,13322,2
2310,13322,5
3589,13322,1
1225,13322,5
1558,13322,2
5281,13322,4
2272,13322,5
8710,13322,4
2410,13322,5
9984,13322,3
7965,13322,2
3931,13322,1
2391,13322,4
5155,13322,2
736,13322,1
3516,13322,1
6980,13322,1
9774,13322,4
4638,13322,5
1323,13322,3
3258,13323,4
4058,13323,4
5843,13323,5
6985,13323,1
7918,13323,2
9888,13323,3
7726,13323,3
8256,13323,1
5563,13323,4
3996,13323,1
9350,13323,1
9385,13323,2
9937,13323,5
9203,13323,1
4747,13323,1
6269,13323,2
7310,13323,3
934,13323,2
9730,13323,5
3409,13323,3
2247,13324,5
6534,13324,5
4432,13324,2
4090,13324,2
6249,13324,2
7738,13324,3
7508,13324,4
4911,13324,3
8363,13324,2
9108,13324,5
3572,13324,2
5027,13324,1
7812,13324,4
7664,13324,2
5312,13324,2
3755,13324,4
764,13324,4
6385,13324,3
4984,13324,5
5460,13324,4
2681,13325,2
933,13325,4
524,13325,4
4983,13325,3
8816,13325,1
7357,13325,4
8193,13325,2
257,13325,4
8708,13325,1
4595,13325,3
6368,13325,1
3123,13325,2
2164,13325,1
7255,13325,2
7512,13325,3
2068,13325,2
5705,13325,2
9193,13325,1
14,13325,3
9303,13325,5
246,13326,2
9072,13326,4
8917,13326,5
5244,13326,4
574,13326,5
666,13326,2
6004,13326,3
5915,13326,4
1975,13326,2
3000,13326,1
4468,13326,4
389,13326,1
2620,13326,1
6269,13326,4
2076,13326,5
4624,13326,1
6291,13326,5
9249,13326,4
1474,13326,1
3766,13326,2
7709,13327,5
3205,13327,4
925,13327,2
9784,13327,2
4601,13327,4
9931,13327,3
7968,13327,4
2274,13327,4
5982,13327,1
5875,13327,3
3920,13327,5
9538,13327,1
8933,13327,5
3392,13327,3
7806,13327,5
7453,13327,5
9066,13327,5
3438,13327,1
7906,13327,3
9656,13327,1
2999,13328,4
5729,13328,5
1898,13328,1
8198,13328,1
5868,13328,5
8511,13328,2
5025,13328,4
2833,13328,1
578,13328,1
3606,13328,4
3295,13328,1
8226,13328,5
6898,13328,2
6278,13328,5
9960,13328,2
9081,13328,4
9395,13328,3
3922,13328,3
4520,13328,3
8615,13328,5
6382,13329,2
5817,13329,4
7124,13329,5
4186,13329,2
1582,13329,1
4886,13329,1
2525,13329,4
7069,13329,5
7874,13329,5
7319,13329,3
8593,13329,2
2881,13329,2
1883,13329,4
2219,13329,1
3712,13329,5
9621,13329,5
2704,13329,5
8092,13329,5
4878,13329,4
5983,13329,3
3253,13330,2
6713,13330,2
858,13330,3
7840,13330,3
5166,13330,1
457,13330,1
7081,13330,1
4997,13330,5
1969,13330,2
7649,13330,2
4528,13330,1
8070,13330,5
6655,13330,4
3800,13330,2
1524,13330,2
4913,13330,4
1388,13330,3
9980,13330,2
2142,13330,3
5540,13330,5
1990,13331,5
6386,13331,4
8929,13331,4
733,13331,2
8757,13331,4
7452,13331,2
1286,13331,2
6642,13331,4
8210,13331,2
4836,13331,2
3127,13331,2
9939,13331,4
420,13331,3
4410,13331,3
336,13331,5
2007,13331,4
2406,13331,5
5470,13331,4
5311,13331,5
7547,13331,3
5872,13332,1
2045,13332,1
5042,13332,5
4042,13332,3
7325,13332,2
4119,13332,1
870,13332,4
1963,13332,1
6622,13332,1
9007,13332,2
6406,13332,2
1967,13332,1
2297,13332,4
4287,13332,5
4969,13332,2
7542,13332,1
263,13332,4
2177,13332,3
6459,13332,2
5402,13332,4
7635,13446,2
5366,13446,3
9231,13446,4
9284,13446,5
6612,13446,5
8238,13446,5
8246,13446,1
576,13446,3
7436,13446,2
3341,13446,5
4859,13446,2
8618,13446,4
4211,13446,2
6415,13446,4
6372,13446,1
8996,13446,4
1873,13446,5
2618,13446,5
347,13446,4
3602,13446,2
2936,13447,3
3865,13447,4
10000,13447,4
4187,13447,3
6600,13447,5
1497,13447,2
8946,13447,3
8335,13447,2
4176,13447,5
5298,13447,1
506,13447,4
2156,13447,5
7431,13447,5
9685,13447,1
6272,13447,5
7493,13447,1
3490,13447,4
5160,13447,4
1514,13447,4
6660,13447,5
7195,13448,3
7614,13448,2
8152,13448,1
8215,13448,3
3116,13448,3
33,13448,1
7092,13448,2
7532,13448,5
822,13448,1
2751,13448,3
3722,13448,1
1039,13448,1
5940,13448,4
4272,13448,3
6002,13448,1
5881,13448,4
4453,13448,3
8990,13448,1
124,13448,4
9435,13448,1
399,13596,1
823,13596,2
289,13596,4
6156,13596,3
8072,13596,5
8510,13596,2
9050,13596,2
7282,13596,3
8446,13596,4
3279,13596,3
2557,13596,2
9528,13596,1
2101,13596,1
7437,13596,5
3677,13596,1
1625,13596,1
8943,13596,5
1717,13596,3
5926,13596,3
4895,13596,4
1586,13597,5
3056,13597,4
5006,13597,3
979,13597,4
2814,13597,3
8153,13597,5
9384,13597,4
5457,13597,4
6074,13597,4
3386,13597,3
4684,13597,1
1224,13597,4
1099,13597,5
5288,13597,4
9612,13597,3
5991,13597,3
5907,13597,1
8718,13597,1
5689,13597,1
479,13597,5
6526,13598,5
1286,13598,3
8604,13598,3
5622,13598,5
2758,13598,1
1488,13598,5
5533,13598,5
7099,13598,2
9940,13598,5
3210,13598,5
2341,13598,1
9552,13598,3
2389,13598,3
3269,13598,5
8609,13598,3
1844,13598,2
5300,13598,2
3527,13598,3
8089,13598,5
9282,13598,1
1137,13599,4
9541,13599,4
2211,13599,4
5711,13599,4
5000,13599,3
7605,13599,5
3992,13599,1
8893,13599,4
3828,13599,2
5701,13599,1
1608,13599,3
8899,13599,1
1512,13599,5
5832,13599,2
9495,13599,3
4253,13599,4
3417,13599,3
5341,13599,1
9526,13599,3
8416,13599,1
8666,13600,2
7896,13600,1
8350,13600,1
3378,13600,5
4653,13600,3
3407,13600,5
6916,13600,3
4319,13600,5
3246,13600,5
5213,13600,2
8646,13600,4
6150,13600,1
7978,13600,3
4558,13600,1
4508,13600,5
9814,13600,5
9791,13600,3
110,13600,4
5185,13600,4
3718,13600,4
3459,13601,1
8039,13601,1
6538,13601,1
8382,13601,5
4660,13601,5
7018,13601,3
6230,13601,1
4773,13601,3
4440,13601,4
1140,13601,5
3429,13601,2
1798,13601,4
4828,13601,5
66,13601,5
8433,13601,5
4343,13601,5
8079,13601,4
6629,13601,3
4919,13601,5
1222,13601,5
6724,13711,2
7496,13711,4
9016,13711,2
4911,13711,2
6921,13711,4
7136,13711,5
8793,13711,5
5036,13711,1
1592,13711,4
6048,13711,4
4361,13711,5
1475,13711,2
241,13711,4
1038,13711,3
2386,13711,3
2149,13711,3
1171,13711,4
2605,13711,5
1586,13711,3
6049,13711,4
3538,13712,2
8188,13712,4
5708,13712,1
3783,13712,2
1510,13712,3
2133,13712,1
3216,13712,3
4388,13712,4
8068,13712,5
5462,13712,5
2037,13712,5
1436,13712,4
7158,13712,5
5185,13712,4
4300,13712,4
8384,13712,2
3031,13712,2
5480,13712,2
3153,13712,3
4042,13712,3
6696,13713,2
1441,13713,4
3221,13713,5
5315,13713,3
6667,13713,2
4897,13713,5
9756,13713,2
1484,13713,4
6058,13713,2
566,13713,3
5795,13713,3
4286,13713,3
3732,13713,3
8803,13713,1
4100,13713,2
6984,13713,3
7734,13713,1
7904,13713,4
316,13713,2
9227,13713,4
1406,13714,4
5334,13714,5
3521,13714,4
2965,13714,5
2663,13714,3
6606,13714,4
2340,13714,4
9855,13714,4
4252,13714,2
426,13714,3
6165,13714,3
4753,13714,5
6217,13714,3
2293,13714,5
5736,13714,4
6916,13714,5
7572,13714,4
711,13714,1
6262,13714,5
8997,13714,1
9188,13715,3
2127,13715,2
3359,13715,3
2549,13715,1
8440,13715,5
534,13715,4
7972,13715,5
3241,13715,1
4387,13715,5
9756,13715,2
927,13715,4
4455,13715,2
211,13715,1
8699,13715,5
37,13715,2
5798,13715,2
4375,13715,2
2317,13715,4
4764,13715,1
8966,13715,1
3682,13716,5
6019,13716,5
5147,13716,3
8899,13716,3
2631,13716,5
1949,13716,5
2664,13716,1
2957,13716,1
9363,13716,4
6151,13716,3
9083,13716,1
7487,13716,5
2024,13716,3
9806,13716,2
2332,13716,2
7541,13716,3
5464,13716,2
806,13716,3
6958,13716,3
2862,13716,2
9299,13717,5
6479,13717,1
3341,13717,3
6588,13717,2
3019,13717,3
8786,13717,2
6979,13717,4
10,13717,4
5348,13717,2
8296,13717,1
8368,13717,4
7333,13717,2
6214,13717,3
8431,13717,5
1509,13717,2
3766,13717,3
5109,13717,4
8852,13717,5
4375,13717,1
3608,13717,5
1697,13815,2
758,13815,5
4058,13815,4
5776,13815,2
7688,13815,5
4185,13815,5
1141,13815,3
4471,13815,1
7467,13815,3
1487,13815,1
9083,13815,5
4924,13815,4
3747,13815,4
4375,13815,2
6503,13815,5
12,13815,1
7034,13815,3
7692,13815,5
2937,13815,5
2724,13815,3
9782,13816,5
8610,13816,3
5829,13816,4
3270,13816,5
4070,13816,4
214,13816,5
6125,13816,1
2251,13816,2
9245,13816,1
1599,13816,3
860,13816,4
4953,13816,4
6424,13816,1
6436,13816,2
3437,13816,5
8876,13816,4
1311,13816,2
1471,13816,1
9475,13816,3
9903,13816,4
5472,13817,3
2758,13817,3
7035,13817,5
5912,13817,1
6984,13817,3
3073,13817,2
3340,13817,4
7425,13817,2
6831,13817,4
8018,13817,2
3274,13817,1
4739,13817,3
2665,13817,4
7186,13817,5
1923,13817,1
8035,13817,3
3275,13817,5
7268,13817,1
7574,13817,2
4116,13817,3
8223,13958,3
2567,13958,1
2691,13958,4
9389,13958,1
9968,13958,3
8096,13958,2
1533,13958,5
5144,13958,4
3588,13958,4
2953,13958,5
453,13958,3
5962,13958,1
3398,13958,5
8381,13958,4
214,13958,4
4622,13958,3
199,13958,1
3306,13958,1
470,13958,3
6308,13958,2
3161,14115,2
7048,14115,5
7656,14115,1
3239,14115,2
5992,14115,1
3651,14115,3
5003,14115,5
7763,14115,4
1360,14115,3
5428,14115,1
5000,14115,2
9995,14115,2
6861,14115,2
8203,14115,4
5316,14115,1
4969,14115,2
4043,14115,3
595,14115,3
5070,14115,5
2714,14115,5
3626,14116,3
4844,14116,3
1226,14116,3
7913,14116,4
2796,14116,5
7816,14116,5
377,14116,1
5481,14116,4
3776,14116,1
2539,14116,1
3932,14116,3
4959,14116,1
2928,14116,5
7321,14116,5
9487,14116,2
4474,14116,4
2159,14116,1
8156,14116,4
3655,14116,3
8891,14116,4
1446,14279,2
7810,14279,2
8063,14279,5
3750,14279,5
1941,14279,3
3037,14279,3
9489,14279,4
9540,14279,2
9422,14279,2
1676,14279,4
3330,14279,3
4299,14279,3
9174,14279,5
6868,14279,3
3112,14279,2
4006,14279,1
4924,14279,3
4027,14279,4
9559,14279,3
9503,14279,4
3841,14280,1
5868,14280,1
6557,14280,4
4025,14280,3
4572,14280,2
5122,14280,1
6917,14280,3
6268,14280,5
3568,14280,3
6934,14280,5
1649,14280,4
9730,14280,1
1185,14280,1
5390,14280,4
2749,14280,3
3631,14280,4
5534,14280,1
769,14280,2
7830,14280,1
4454,14280,4
3238,14281,4
2942,14281,4
9133,14281,1
3434,14281,4
2972,14281,4
9325,14281,3
7438,14281,2
9832,14281,3
1062,14281,3
8696,14281,5
8671,14281,5
5652,14281,3
9273,14281,5
8621,14281,4
3694,14281,1
6262,14281,2
7966,14281,1
3724,14281,3
604,14281,5
8797,14281,3
7560,14282,2
6147,14282,3
8128,14282,5
3587,14282,2
4667,14282,3
7039,14282,4
7541,14282,3
6855,14282,5
8775,14282,5
8696,14282,3
9111,14282,1
8881,14282,5
8384,14282,2
5681,14282,2
6116,14282,1
8601,14282,3
7500,14282,1
5421,14282,3
6341,14282,2
6065,14282,4
8401,14283,1
1496,14283,3
616,14283,1
1992,14283,4
9100,14283,1
4136,14283,1
7406,14283,4
828,14283,5
2805,14283,2
2699,14283,1
1345,14283,1
5146,14283,1
4901,14283,3
2003,14283,3
610,14283,3
5703,14283,1
1488,14283,5
8718,14283,5
3994,14283,1
9454,14283,4
9664,14284,5
4829,14284,1
2952,14284,4
2572,14284,4
7796,14284,5
4335,14284,3
8968,14284,5
5986,14284,1
4984,14284,4
5123,14284,2
1545,14284,1
3985,14284,3
8716,14284,1
2669,14284,4
3572,14284,1
5292,14284,4
9706,14284,1
3287,14284,1
5109,14284,4
3885,14284,2
8056,14285,4
9251,14285,4
1268,14285,2
9110,14285,5
3253,14285,4
9479,14285,2
5600,14285,1
473,14285,5
77,14285,3
6838,14285,3
5661,14285,1
5308,14285,2
3252,14285,2
9576,14285,4
9230,14285,5
7994,14285,1
4266,14285,2
4763,14285,1
2333,14285,1
9492,14285,5
770,14286,2
1692,14286,1
4356,14286,3
3506,14286,2
4157,14286,3
755,14286,3
4083,14286,4
715,14286,3
7986,14286,5
7220,14286,4
4233,14286,4
3453,14286,2
3376,14286,5
1353,14286,2
3320,14286,4
5916,14286,1
1465,14286,2
9590,14286,2
4511,14286,4
8772,14286,1
7082,14287,3
2901,14287,3
3160,14287,2
2653,14287,3
6378,14287,4
975,14287,2
9593,14287,4
891,14287,1
9272,14287,5
4673,14287,4
1886,14287,3
9472,14287,1
7502,14287,4
3022,14287,4
2112,14287,3
4225,14287,1
4328,14287,4
3358,14287,4
9250,14287,2
8783,14287,3
1043,14288,2
966,14288,5
3114,14288,4
5486,14288,2
8625,14288,5
9378,14288,3
7307,14288,3
2377,14288,5
8041,14288,5
2891,14288,2
3129,14288,1
1076,14288,4
9141,14288,5
8537,14288,5
2389,14288,5
9270,14288,1
3441,14288,4
4899,14288,5
9916,14288,5
2896,14288,1
8767,14289,4
9110,14289,1
9269,14289,5
2572,14289,4
1567,14289,4
2311,14289,1
4273,14289,4
5693,14289,4
6901,14289,3
4021,14289,5
6525,14289,1
4302,14289,2
9102,14289,1
5033,14289,5
6460,14289,4
371,14289,1
9149,14289,2
1396,14289,5
6517,14289,3
363,14289,1
5087,14290,1
405,14290,4
9146,14290,3
6449,14290,3
7959,14290,2
7872,14290,4
6435,14290,4
3016,14290,4
5848,14290,2
16,14290,2
1275,14290,2
7966,14290,4
756,14290,5
1317,14290,3
2018,14290,1
8334,14290,1
9748,14290,3
5480,14290,4
3874,14290,1
6388,14290,4
9022,14291,1
878,14291,3
2054,14291,4
4590,14291,5
879,14291,4
4871,14291,5
3959,14291,2
1929,14291,3
472,14291,1
7124,14291,4
6260,14291,5
6176,14291,1
910,14291,2
4252,14291,5
9705,14291,2
8811,14291,1
6385,14291,3
6442,14291,2
554,14291,4
627,14291,3
5492,14292,3
2847,14292,1
4828,14292,2
548,14292,1
3116,14292,2
3463,14292,3
6030,14292,2
1816,14292,4
5219,14292,3
5538,14292,1
186,14292,2
627,14292,4
1151,14292,3
826,14292,5
5620,14292,2
4428,14292,1
5638,14292,4
3947,14292,4
1671,14292,1
2240,14292,1
7854,14371,5
5439,14371,1
6506,14371,5
6187,14371,2
8477,14371,5
6835,14371,5
9647,14371,4
7436,14371,2
9067,14371,4
7597,14371,1
5406,14371,3
9158,14371,5
6488,14371,1
6642,14371,1
5106,14371,2
2064,14371,1
114,14371,3
8350,14371,2
4277,14371,2
5037,14371,5
4488,14432,1
9869,14432,5
9450,14432,3
8409,14432,3
4106,14432,4
8809,14432,3
843,14432,5
5536,14432,2
1512,14432,2
2845,14432,5
5835,14432,4
8069,14432,3
8311,14432,1
356,14432,2
9194,14432,5
7790,14432,1
953,14432,4
1993,14432,3
6787,14432,2
4132,14432,2
9618,14538,4
7525,14538,3
9096,14538,2
4149,14538,4
9453,14538,1
1323,14538,1
5505,14538,3
3141,14538,5
4476,14538,1
2793,14538,5
5038,14538,2
9821,14538,2
1737,14538,2
2221,14538,1
4366,14538,5
561,14538,2
1465,14538,1
729,14538,4
6756,14538,4
2161,14538,2
3100,14539,2
2980,14539,4
8917,14539,1
7868,14539,2
9572,14539,3
2249,14539,2
240,14539,3
1292,14539,5
1676,14539,2
1848,14539,4
2237,14539,5
3073,14539,4
460,14539,3
9768,14539,4
822,14539,3
5131,14539,5
6459,14539,2
4702,14539,5
586,14539,1
2202,14539,5
3400,14540,4
5182,14540,4
383,14540,5
8736,14540,3
5684,14540,5
5829,14540,2
1023,14540,4
6210,14540,2
9902,14540,4
7927,14540,5
7919,14540,5
5232,14540,4
9726,14540,1
4886,14540,2
6223,14540,4
4576,14540,1
6849,14540,4
1675,14540,3
5358,14540,5
2022,14540,1
4872,14541,2
1756,14541,1
4632,14541,1
3569,14541,4
1602,14541,1
8682,14541,2
5589,14541,5
5487,14541,5
4976,14541,4
878,14541,5
4751,14541,5
8003,14541,2
8328,14541,2
9165,14541,1
4614,14541,4
4091,14541,2
8347,14541,5
3875,14541,2
5201,14541,2
8104,14541,2
8554,14542,3
3419,14542,3
5748,14542,4
2754,14542,3
3124,14542,3
8150,14542,3
4720,14542,3
4553,14542,5
8384,14542,5
1664,14542,2
1897,14542,5
4215,14542,1
8278,14542,3
225,14542,3
9371,14542,4
8228,14542,3
9333,14542,4
1830,14542,1
2044,14542,5
1573,14542,2
376,14543,5
7324,14543,4
9434,14543,4
429,14543,4
8279,14543,2
2878,14543,2
695,14543,2
8421,14543,2
6821,14543,2
2590,14543,2
5497,14543,3
7338,14543,3
1031,14543,5
7700,14543,4
7308,14543,1
589,14543,1
9414,14543,2
6955,14543,1
6944,14543,1
5828,14543,3
5653,14706,2
4443,14706,5
4678,14706,1
7708,14706,5
4498,14706,5
1409,14706,3
1951,14706,2
8823,14706,5
2797,14706,4
5222,14706,2
7473,14706,4
8359,14706,5
4011,14706,2
2962,14706,1
2367,14706,3
634,14706,4
6537,14706,5
8063,14706,2
5292,14706,1
4153,14706,1
7461,14707,3
6487,14707,1
7163,14707,5
2295,14707,4
2552,14707,5
8018,14707,1
4868,14707,2
5162,14707,2
4938,14707,3
2844,14707,5
8183,14707,1
141,14707,5
6477,14707,2
79,14707,2
9871,14707,5
7340,14707,3
6094,14707,2
7571,14707,5
1123,14707,4
9215,14707,2
1869,14708,3
8878,14708,3
9633,14708,4
8514,14708,4
9678,14708,5
2843,14708,1
7487,14708,4
7197,14708,4
4963,14708,2
2991,14708,1
4689,14708,3
8931,14708,2
960,14708,4
5967,14708,2
4596,14708,5
6859,14708,5
5470,14708,3
8056,14708,2
4327,14708,1
2673,14708,2
5787,14709,3
9709,14709,5
769,14709,5
5623,14709,5
2986,14709,3
4227,14709,1
3236,14709,2
4449,14709,2
9964,14709,2
1408,14709,4
1462,14709,4
304,14709,4
7518,14709,3
8647,14709,3
9654,14709,5
774,14709,3
5993,14709,3
7444,14709,1
9750,14709,5
9112,14709,5
5791,14710,1
9426,14710,3
7608,14710,5
3428,14710,4
6889,14710,3
9160,14710,5
3112,14710,3
8133,14710,2
8722,14710,2
4729,14710,5
1710,14710,4
1721,14710,4
9049,14710,2
5163,14710,3
3734,14710,4
7701,14710,4
6348,14710,5
7097,14710,5
2056,14710,2
5963,14710,4
4688,14711,1
9042,14711,3
3618,14711,4
6839,14711,3
6436,14711,1
9793,14711,5
656,14711,2
1484,14711,5
3360,14711,1
9316,14711,2
1939,14711,4
8371,14711,4
4617,14711,3
9704,14711,4
2714,14711,1
150,14711,2
2369,14711,5
1694,14711,1
6141,14711,3
8397,14711,2
2696,14712,2
510,14712,2
4553,14712,4
8692,14712,3
9090,14712,1
3309,14712,2
2230,14712,3
739,14712,4
7989,14712,5
7329,14712,3
5897,14712,4
2930,14712,3
8218,14712,1
3675,14712,1
492,14712,4
5244,14712,5
1510,14712,5
2872,14712,2
7435,14712,1
8281,14712,2
5552,14713,4
5154,14713,4
1339,14713,2
9049,14713,4
3323,14713,3
9601,14713,1
2433,14713,3
2054,14713,4
519,14713,1
3851,14713,5
2146,14713,2
843,14713,4
7587,14713,1
5664,14713,1
2343,14713,5
4077,14713,5
1419,14713,2
8997,14713,1
3274,14713,1
374,14713,1
7505,14870,3
1490,14870,1
9520,14870,3
729,14870,4
5648,14870,1
5321,14870,4
4667,14870,1
1807,14870,3
6699,14870,4
3229,14870,4
7797,14870,2
7508,14870,4
9087,14870,4
4190,14870,3
6068,14870,1
3147,14870,3
5940,14870,4
4962,14870,3
9324,14870,1
759,14870,5
4464,14871,1
8026,14871,1
6582,14871,5
7459,14871,2
7493,14871,5
3180,14871,1
6069,14871,5
8278,14871,4
6483,14871,4
540,14871,5
1932,14871,5
1145,14871,4
3859,14871,4
1453,14871,5
2093,14871,3
6712,14871,4
4725,14871,4
3404,14871,2
9215,14871,3
1890,14871,4
1271,14872,1
1751,14872,1
1623,14872,3
5115,14872,5
8093,14872,3
4905,14872,1
7535,14872,4
9234,14872,4
4548,14872,1
7677,14872,2
9358,14872,5
2395,14872,1
9997,14872,1
3096,14872,4
8630,14872,1
8878,14872,4
8875,14872,1
5483,14872,3
689,14872,1
657,14872,5
2550,14873,5
5731,14873,5
5465,14873,5
7897,14873,1
6828,14873,5
3421,14873,5
3725,14873,2
9247,14873,4
4639,14873,4
2567,14873,4
4943,14873,5
5026,14873,1
5730,14873,5
2454,14873,5
6945,14873,2
990,14873,3
572,14873,4
8762,14873,2
2556,14873,3
1763,14873,2
7836,15002,3
7689,15002,5
2305,15002,1
8823,15002,5
1901,15002,5
906,15002,2
3039,15002,3
3977,15002,2
8840,15002,1
9868,15002,4
6295,15002,2
1732,15002,4
4252,15002,2
8295,15002,5
3412,15002,1
6983,15002,2
1835,15002,1
807,15002,4
4706,15002,1
7287,15002,5
2425,15178,4
106,15178,1
3817,15178,3
7149,15178,2
8365,15178,2
5779,15178,1
9157,15178,1
1562,15178,5
6672,15178,5
1551,15178,4
3710,15178,3
3530,15178,3
7944,15178,2
2682,15178,3
4571,15178,4
3982,15178,3
8302,15178,2
7062,15178,4
3474,15178,3
5950,15178,1
6793,15179,4
3122,15179,2
5923,15179,3
4706,15179,1
3007,15179,4
7029,15179,5
9761,15179,4
6028,15179,1
4153,15179,1
8875,15179,4
1133,15179,4
5984,15179,1
9757,15179,3
3305,15179,5
2927,15179,4
5401,15179,4
6822,15179,5
2929,15179,3
9332,15179,2
5147,15179,5
2068,15406,2
6986,15406,4
3970,15406,2
8789,15406,5
6400,15406,2
7616,15406,4
1606,15406,2
5928,15406,1
4757,15406,4
1269,15406,1
6689,15406,1
8646,15406,5
5669,15406,4
5841,15406,1
7607,15406,3
5681,15406,2
4081,15406,3
2274,15406,1
4729,15406,4
5539,15406,5
5865,15519,2
9857,15519,4
8004,15519,4
6695,15519,4
85,15519,5
913,15519,2
2276,15519,3
8275,15519,2
9358,15519,5
3215,15519,1
2005,15519,4
9643,15519,2
9262,15519,4
9447,15519,5
4676,15519,3
713,15519,1
2190,15519,1
1925,15519,1
3427,15519,4
9196,15519,3
2288,15581,2
5380,15581,4
5420,15581,1
221,15581,3
7661,15581,4
5041,15581,3
341,15581,3
1068,15581,2
4648,15581,4
8059,15581,4
3160,15581,1
558,15581,4
5659,15581,2
7567,15581,2
579,15581,1
726,15581,2
6396,15581,1
6915,15581,3
1719,15581,2
8407,15581,3
4100,15679,5
7446,15679,3
255,15679,3
8972,15679,2
1499,15679,4
6352,15679,1
2489,15679,1
7040,15679,5
4977,15679,1
2228,15679,5
1549,15679,1
8865,15679,5
7640,15679,5
254,15679,2
5805,15679,2
5468,15679,4
688,15679,2
6868,15679,1
9028,15679,2
938,15679,2
9587,15680,1
93,15680,4
3215,15680,1
1934,15680,4
8473,15680,1
1850,15680,1
3808,15680,5
5843,15680,4
1288,15680,2
6594,15680,3
211,15680,3
7966,15680,4
1050,15680,5
4503,15680,3
9629,15680,5
1543,15680,3
8026,15680,3
1510,15680,5
572,15680,2
1913,15680,4
5823,15681,4
2248,15681,1
3917,15681,5
7955,15681,5
1420,15681,3
5705,15681,3
3713,15681,3
9383,15681,4
9434,15681,2
2717,15681,2
4871,15681,4
1828,15681,3
9881,15681,3
4162,15681,3
6314,15681,1
7068,15681,4
8747,15681,4
7365,15681,1
8356,15681,5
5759,15681,4
4560,15774,1
454,15774,5
3136,15774,4
2792,15774,1
5416,15774,3
6106,15774,1
5643,15774,1
1389,15774,3
9036,15774,1
2203,15774,1
71,15774,4
6834,15774,1
8343,15774,1
5442,15774,1
186,15774,3
356,15774,1
1437,15774,3
2463,15774,4
3318,15774,5
5188,15774,5
7597,15897,2
3480,15897,3
4726,15897,1
4009,15897,1
6861,15897,2
8523,15897,3
6290,15897,2
2108,15897,3
4201,15897,5
351,15897,4
5570,15897,2
4401,15897,1
6736,15897,3
4203,15897,3
3615,15897,5
917,15897,5
7709,15897,2
1219,15897,4
3873,15897,5
7140,15897,4
894,15898,5
9462,15898,2
387,15898,4
6980,15898,1
8509,15898,3
1315,15898,5
9829,15898,1
2330,15898,1
3813,15898,5
802,15898,3
8367,15898,3
1660,15898,3
7041,15898,5
1460,15898,4
3235,15898,5
7690,15898,1
4035,15898,5
9585,15898,3
1087,15898,2
8320,15898,3
494,15899,4
5946,15899,4
773,15899,2
9142,15899,5
6879,15899,2
150,15899,5
9575,15899,2
7356,15899,2
2994,15899,3
378,15899,4
8408,15899,5
6896,15899,3
5959,15899,4
9008,15899,3
5205,15899,3
9799,15899,3
916,15899,3
3417,15899,3
1889,15899,4
2150,15899,1
6305,15900,2
3213,15900,3
3253,15900,5
5088,15900,1
9568,15900,2
2570,15900,4
5880,15900,1
5611,15900,1
8863,15900,2
5065,15900,2
6951,15900,1
1701,15900,5
8127,15900,5
5155,15900,5
9069,15900,1
2719,15900,4
6206,15900,1
6021,15900,4
8421,15900,3
1552,15900,1
1763,16077,4
1434,16077,3
7240,16077,3
7566,16077,3
6438,16077,4
2529,16077,3
5130,16077,1
7798,16077,2
9342,16077,2
4184,16077,3
8374,16077,1
9388,16077,2
2296,16077,1
4610,16077,3
522,16077,5
3708,16077,2
8074,16077,3
627,16077,4
1521,16077,5
6182,16077,2
5831,16078,4
565,16078,5
9221,16078,3
4413,16078,5
2273,16078,4
4790,16078,5
6273,16078,3
6736,16078,1
8740,16078,1
7892,16078,3
1507,16078,4
2703,16078,3
7659,16078,1
4972,16078,1
3848,16078,2
4114,16078,3
8062,16078,3
9164,16078,2
8487,16078,3
2255,16078,2
8207,16079,1
5039,16079,2
9169,16079,1
2242,16079,5
3003,16079,3
3088,16079,5
1042,16079,1
826,16079,2
420,16079,2
8229,16079,5
5230,16079,5
384,16079,4
840,16079,3
6,16079,3
3651,16079,4
660,16079,1
4200,16079,1
5998,16079,5
4853,16079,3
7107,16079,2
4037,16080,2
4835,16080,5
222,16080,1
7586,16080,5
3723,16080,1
2004,16080,5
6890,16080,3
7060,16080,2
2690,16080,2
8603,16080,1
2369,16080,3
275,16080,5
1012,16080,5
7234,16080,2
6070,16080,4
8863,16080,1
949,16080,2
7313,16080,5
6065,16080,5
8879,16080,3
5478,16081,4
9602,16081,3
3516,16081,4
3377,16081,1
3878,16081,3
7316,16081,4
6425,16081,3
365,16081,2
3510,16081,4
6485,16081,3
6404,16081,1
6764,16081,3
3477,16081,4
4871,16081,2
7864,16081,1
6276,16081,2
6007,16081,1
3682,16081,3
3261,16081,2
4117,16081,4
2608,16197,1
6603,16197,1
1255,16197,2
3876,16197,3
2619,16197,4
2025,16197,2
9157,16197,4
2932,16197,2
5573,16197,2
5659,16197,2
4440,16197,5
7601,16197,4
6373,16197,2
3191,16197,1
241,16197,3
4074,16197,1
5068,16197,2
2359,16197,4
8668,16197,4
8023,16197,2
8030,16339,2
1991,16339,5
6165,16339,3
525,16339,3
2347,16339,1
7717,16339,5
1875,16339,3
693,16339,2
2422,16339,2
4606,16339,3
528,16339,3
9974,16339,4
5673,16339,1
3536,16339,3
1894,16339,5
2071,16339,5
577,16339,5
5524,16339,4
5815,16339,4
5160,16339,4
5006,16340,2
9175,16340,2
7162,16340,3
5775,16340,4
4894,16340,2
148,16340,2
904,16340,4
3737,16340,3
2955,16340,1
8197,16340,3
4952,16340,3
9230,16340,3
6924,16340,3
5656,16340,2
6871,16340,2
8396,16340,3
5511,16340,5
4238,16340,5
9466,16340,1
934,16340,1
8290,16341,4
4495,16341,5
6324,16341,4
5194,16341,4
6287,16341,1
7808,16341,3
6746,16341,4
5739,16341,1
1490,16341,4
9249,16341,2
6780,16341,1
745,16341,2
1453,16341,3
2263,16341,1
6364,16341,4
6436,16341,2
7006,16341,1
8759,16341,1
573,16341,5
8015,16341,1
3574,16342,2
1950,16342,1
3528,16342,4
4531,16342,4
8248,16342,3
8552,16342,2
3288,16342,2
7899,16342,5
4238,16342,1
8205,16342,4
4088,16342,3
2471,16342,1
2517,16342,2
9732,16342,1
8341,16342,5
4828,16342,1
7824,16342,1
8761,16342,2
3205,16342,3
9551,16342,4
562,16343,4
8753,16343,1
2942,16343,2
4060,16343,5
400,16343,5
5078,16343,3
8518,16343,2
8155,16343,3
5375,16343,4
3046,16343,1
494,16343,1
3354,16343,2
5929,16343,4
4126,16343,3
9924,16343,2
3069,16343,5
6268,16343,1
2274,16343,2
268,16343,3
4784,16343,5
6280,16344,2
7432,16344,1
2092,16344,2
4523,16344,2
8851,16344,3
709,16344,4
718,16344,3
4801,16344,4
2934,16344,3
7799,16344,3
1838,16344,2
5060,16344,2
6482,16344,1
7544,16344,4
9458,16344,2
1242,16344,2
147,16344,3
1012,16344,3
425,16344,3
488,16344,2
3436,16345,4
1492,16345,5
6250,16345,4
4099,16345,4
3334,16345,2
8284,16345,3
8312,16345,2
3976,16345,5
319,16345,2
5700,16345,3
513,16345,4
1670,16345,3
7819,16345,1
9277,16345,5
7966,16345,5
4265,16345,2
4202,16345,1
351,16345,1
9840,16345,5
2266,16345,2
2329,16527,5
1617,16527,3
810,16527,1
6351,16527,2
6525,16527,2
7104,16527,5
7030,16527,3
2008,16527,2
6287,16527,5
3723,16527,3
5438,16527,4
9942,16527,4
839,16527,2
47,16527,2
3695,16527,2
446,16527,1
4305,16527,3
9190,16527,4
4332,16527,3
3387,16527,1
2866,16528,1
9841,16528,3
2142,16528,1
2753,16528,1
6351,16528,2
4301,16528,5
7151,16528,4
8640,16528,4
5285,16528,3
2498,16528,2
3647,16528,5
4897,16528,4
3488,16528,1
4047,16528,2
211,16528,5
8981,16528,1
3054,16528,5
9015,16528,1
2515,16528,5
8252,16528,3
9742,16618,1
2288,16618,5
2879,16618,1
5987,16618,1
1050,16618,3
8050,16618,5
5692,16618,2
8703,16618,3
763,16618,4
1575,16618,2
8695,16618,5
2926,16618,4
1477,16618,2
2982,16618,4
2287,16618,4
8600,16618,3
6489,16618,4
270,16618,4
2614,16618,4
1892,16618,1
5886,16619,1
119,16619,4
1047,16619,5
8101,16619,1
1515,16619,2
8946,16619,2
2389,16619,3
586,16619,2
8519,16619,1
9097,16619,3
7703,16619,1
7317,16619,4
3239,16619,5
8090,16619,1
3138,16619,1
1753,16619,4
2724,16619,3
9040,16619,5
9176,16619,3
6354,16619,5
7323,16835,1
69,16835,2
5545,16835,2
9527,16835,4
853,16835,4
9872,16835,5
811,16835,3
7237,16835,3
37,16835,1
5414,16835,3
8207,16835,2
8826,16835,4
5887,16835,3
8111,16835,3
3718,16835,4
596,16835,5
8302,16835,3
8915,16835,1
3851,16835,3
9640,16835,5
5686,16836,5
6781,16836,3
742,16836,4
7367,16836,4
5405,16836,3
4348,16836,1
5135,16836,4
9994,16836,1
2537,16836,3
2575,16836,4
4516,16836,5
3469,16836,1
9999,16836,2
4798,16836,4
6255,16836,4
1946,16836,3
2140,16836,3
7281,16836,2
2071,16836,2
8762,16836,2
3016,16837,3
5106,16837,2
2363,16837,2
1772,16837,1
6081,16837,3
2181,16837,2
4793,16837,1
2330,16837,3
1931,16837,5
9525,16837,1
5785,16837,5
3036,16837,1
3339,16837,5
5617,16837,2
1053,16837,5
3952,16837,1
769,16837,4
1620,16837,3
3501,16837,2
482,16837,5
4385,16838,2
9723,16838,5
8226,16838,4
2029,16838,5
4830,16838,5
8796,16838,1
9063,16838,5
5739,16838,3
8001,16838,4
7309,16838,1
1021,16838,5
2245,16838,3
5144,16838,5
3312,16838,5
8440,16838,2
9889,16838,2
5699,16838,2
1247,16838,5
4578,16838,4
2353,16838,5
8077,16839,3
722,16839,5
1370,16839,2
3063,16839,2
4131,16839,4
8535,16839,3
2548,16839,4
9126,16839,3
2972,16839,4
6051,16839,3
6263,16839,1
1161,16839,2
5951,16839,1
9100,16839,3
4377,16839,1
5575,16839,2
6612,16839,1
8653,16839,5
9941,16839,5
6099,16839,3
5873,16840,2
1547,16840,3
5890,16840,1
6860,16840,2
8247,16840,5
2072,16840,3
6145,16840,2
885,16840,1
8889,16840,3
7059,16840,1
1905,16840,2
7232,16840,4
9353,16840,3
2281,16840,4
995,16840,4
7969,16840,5
3469,16840,1
5461,16840,4
4626,16840,1
2070,16840,1
5713,16972,4
9399,16972,2
2815,16972,4
3174,16972,4
7538,16972,3
4919,16972,5
372,16972,5
3605,16972,5
9571,16972,2
9859,16972,2
9451,16972,3
6573,16972,3
9648,16972,1
4991,16972,4
5483,16972,5
98,16972,3
845,16972,2
3164,16972,5
201,16972,4
8860,16972,5
2352,16973,2
9482,16973,5
9141,16973,1
5588,16973,4
7385,16973,4
9013,16973,1
8283,16973,4
7850,16973,2
9847,16973,3
6324,16973,4
5609,16973,1
541,16973,2
5492,16973,4
978,16973,1
3968,16973,2
7851,16973,1
7121,16973,5
465,16973,2
3208,16973,1
6417,16973,2
3838,16974,4
1095,16974,1
1619,16974,4
2615,16974,2
7535,16974,3
2124,16974,5
3100,16974,3
5285,16974,5
8609,16974,3
8144,16974,1
6506,16974,5
8776,16974,1
9206,16974,3
8387,16974,2
8725,16974,2
5852,16974,1
1880,16974,2
5835,16974,1
9680,16974,5
3197,16974,1
9436,16975,1
3390,16975,4
9589,16975,1
9534,16975,3
3466,16975,1
134,16975,2
6569,16975,4
6140,16975,5
3207,16975,5
8978,16975,1
3367,16975,3
9838,16975,4
8207,16975,1
8820,16975,3
3360,16975,3
1120,16975,1
4799,16975,2
289,16975,1
4299,16975,1
8571,16975,1
2772,16976,3
9557,16976,5
6416,16976,2
2118,16976,5
6306,16976,2
6899,16976,1
5880,16976,3
2376,16976,3
3542,16976,4
15,16976,5
1438,16976,5
4875,16976,4
5784,16976,5
7580,16976,5
6940,16976,3
1839,16976,2
1718,16976,5
6028,16976,3
7251,16976,4
5925,16976,2
7217,16977,1
3062,16977,5
5803,16977,1
9171,16977,2
7595,16977,3
5807,16977,4
6696,16977,4
1073,16977,2
252,16977,4
185,16977,3
2330,16977,3
1751,16977,5
368,16977,5
8354,16977,3
5506,16977,1
7423,16977,3
3040,16977,5
6775,16977,4
5235,16977,1
8016,16977,5
1943,16978,3
2333,16978,2
5423,16978,5
6779,16978,5
9702,16978,1
6802,16978,5
3152,16978,2
6690,16978,3
9817,16978,1
3145,16978,3
7836,16978,5
2286,16978,5
6939,16978,5
1079,16978,1
7812,16978,4
8019,16978,2
8671,16978,3
9892,16978,5
3986,16978,1
7489,16978,3
5495,16979,5
5172,16979,5
5753,16979,1
9161,16979,1
818,16979,2
1476,16979,2
4177,16979,3
2366,16979,5
3327,16979,4
5859,16979,2
3903,16979,3
5407,16979,1
6149,16979,5
1747,16979,4
5611,16979,4
4413,16979,1
9353,16979,4
3539,16979,2
5085,16979,2
23,16979,2
1680,16980,1
5929,16980,2
7608,16980,4
2960,16980,5
9684,16980,2
5280,16980,2
2594,16980,4
5804,16980,2
7135,16980,3
4184,16980,3
9590,16980,3
4038,16980,3
4449,16980,3
1357,16980,5
6160,16980,2
8810,16980,4
2783,16980,5
6180,16980,5
3490,16980,4
3493,16980,5
5238,16981,3
2137,16981,5
863,16981,5
7673,16981,5
6592,16981,4
9069,16981,2
5668,16981,2
7708,16981,2
350,16981,4
6464,16981,1
1036,16981,3
7769,16981,2
8085,16981,4
1264,16981,2
9342,16981,4
1035,16981,5
721,16981,1
5533,16981,1
7045,16981,5
6778,16981,1
2943,16982,4
6801,16982,1
6,16982,5
9674,16982,5
9221,16982,1
7074,16982,2
7478,16982,5
9728,16982,5
1968,16982,4
541,16982,5
4275,16982,2
2475,16982,1
9016,16982,4
6527,16982,5
2145,16982,3
2876,16982,5
7817,16982,5
3916,16982,5
9530,16982,1
4122,16982,2
1271,16983,1
6857,16983,5
8298,16983,4
9308,16983,5
5335,16983,3
5138,16983,4
2822,16983,1
7095,16983,3
6747,16983,3
1660,16983,5
2048,16983,4
5696,16983,4
7618,16983,1
1349,16983,3
8967,16983,2
6143,16983,2
8896,16983,2
5962,16983,2
1687,16983,4
7140,16983,1
4682,17069,2
3777,17069,5
1713,17069,4
9175,17069,3
2614,17069,3
7561,17069,5
3707,17069,5
8735,17069,1
8938,17069,2
7275,17069,5
6831,17069,3
9709,17069,2
64,17069,2
6927,17069,1
2909,17069,1
6126,17069,2
4292,17069,4
4033,17069,3
6495,17069,3
2044,17069,2
5903,17070,5
9145,17070,3
2687,17070,4
7320,17070,3
1844,17070,5
1571,17070,3
8524,17070,2
6630,17070,2
4697,17070,4
4932,17070,3
480,17070,5
3356,17070,5
2644,17070,1
9597,17070,4
1158,17070,2
421,17070,5
4425,17070,5
1403,17070,1
4283,17070,5
2651,17070,4
8806,17236,1
6199,17236,5
2112,17236,4
5702,17236,3
67,17236,3
8111,17236,2
74,17236,4
3992,17236,1
2451,17236,3
2245,17236,5
4722,17236,2
4707,17236,5
5175,17236,2
3579,17236,4
8595,17236,3
7106,17236,3
5216,17236,3
4028,17236,5
2505,17236,1
9864,17236,1
6489,17237,4
6120,17237,4
3847,17237,3
8242,17237,2
1290,17237,3
5141,17237,1
3641,17237,5
3269,17237,4
7835,17237,2
7456,17237,4
6924,17237,2
4634,17237,1
6266,17237,3
4046,17237,5
1778,17237,1
7785,17237,3
5428,17237,3
9180,17237,4
2329,17237,5
856,17237,5
69,17366,4
6039,17366,1
3637,17366,1
6799,17366,1
8512,17366,5
9106,17366,1
4272,17366,3
7473,17366,5
3020,17366,2
871,17366,2
1914,17366,2
2300,17366,4
5761,17366,3
772,17366,1
4867,17366,3
2524,17366,1
1214,17366,5
1136,17366,1
2539,17366,4
5344,17366,1
4340,17367,1
6129,17367,3
7752,17367,2
3601,17367,4
6441,17367,3
7233,17367,2
1821,17367,3
4323,17367,4
6775,17367,5
2923,17367,5
1210,17367,1
9655,17367,2
6952,17367,2
1886,17367,3
2845,17367,5
7420,17367,3
9663,17367,3
6070,17367,5
9726,17367,4
2731,17367,2
1820,17455,5
2021,17455,3
8860,17455,3
6599,17455,5
375,17455,2
8328,17455,5
9492,17455,2
7668,17455,2
7126,17455,2
3555,17455,5
3178,17455,5
8906,17455,2
5340,17455,5
711,17455,3
7489,17455,3
374,17455,4
5722,17455,1
347,17455,4
1821,17455,2
4544,17455,2
1111,17534,1
9036,17534,5
2997,17534,3
7331,17534,3
3797,17534,1
6794,17534,3
92,17534,3
737,17534,1
6954,17534,2
8702,17534,4
5023,17534,1
3228,17534,3
8204,17534,5
4568,17534,4
2316,17534,3
3161,17534,3
6902,17534,4
6531,17534,1
6435,17534,1
64,17534,3
7718,17721,5
5502,17721,1
480,17721,4
5474,17721,1
4389,17721,4
6048,17721,1
4525,17721,3
6297,17721,3
3672,17721,1
3023,17721,2
9540,17721,2
6116,17721,1
1325,17721,5
9386,17721,2
1110,17721,4
3044,17721,2
9988,17721,2
1053,17721,5
2358,17721,1
9618,17721,2
7752,17722,2
4345,17722,5
8201,17722,4
4545,17722,3
1451,17722,3
1902,17722,5
3662,17722,5
2828,17722,1
3547,17722,2
132,17722,4
2619,17722,2
6910,17722,2
3149,17722,3
5635,17722,5
6048,17722,4
1291,17722,3
744,17722,2
8951,17722,3
123,17722,3
8660,17722,3
4743,17723,2
6268,17723,1
174,17723,4
5579,17723,3
4193,17723,2
7218,17723,2
4247,17723,3
8814,17723,5
3137,17723,2
1537,17723,3
3913,17723,1
1648,17723,3
1080,17723,2
8556,17723,4
3322,17723,2
9314,17723,3
4752,17723,4
413,17723,5
7453,17723,3
8691,17723,5
3945,17724,3
377,17724,1
5034,17724,5
2727,17724,5
6020,17724,5
5963,17724,3
3923,17724,4
8474,17724,1
7372,17724,4
5218,17724,4
3782,17724,5
2982,17724,1
9485,17724,5
2405,17724,3
3420,17724,3
7373,17724,4
1002,17724,5
1096,17724,3
1541,17724,1
3615,17724,4
5923,17725,3
342,17725,1
8147,17725,2
2732,17725,1
4540,17725,2
3519,17725,2
8062,17725,2
7277,17725,2
2835,17725,4
5790,17725,5
2674,17725,4
7001,17725,4
6028,17725,4
2923,17725,4
1916,17725,5
6114,17725,5
4279,17725,4
6623,17725,3
8780,17725,5
4727,17725,5
1014,17726,1
9370,17726,1
3005,17726,5
5737,17726,1
732,17726,3
2550,17726,2
3021,17726,5
4600,17726,4
5589,17726,4
7588,17726,2
7227,17726,4
8995,17726,3
4676,17726,2
6401,17726,2
1464,17726,1
5452,17726,4
4218,17726,1
2792,17726,4
591,17726,2
8851,17726,3
4062,17727,3
4226,17727,2
9815,17727,4
2759,17727,5
7086,17727,1
5590,17727,2
8848,17727,1
1223,17727,5
855,17727,5
132,17727,5
3332,17727,5
4934,17727,2
1286,17727,5
5775,17727,5
6183,17727,5
9280,17727,2
2177,17727,1
1627,17727,5
4846,17727,3
8398,17727,4
2317,17728,3
1760,17728,3
6230,17728,4
3800,17728,1
4841,17728,2
5368,17728,5
1166,17728,4
7955,17728,3
3556,17728,1
2985,17728,5
5822,17728,5
5558,17728,3
3562,17728,5
9688,17728,4
8009,17728,2
430,17728,3
6657,17728,2
1694,17728,1
9005,17728,1
1787,17728,3
9469,17729,4
618,17729,2
9576,17729,5
3713,17729,4
4334,17729,2
2297,17729,1
3541,17729,4
1046,17729,3
9288,17729,3
9030,17729,1
9688,17729,1
9165,17729,3
90,17729,1
8102,17729,4
8645,17729,1
6405,17729,1
470,17729,5
2483,17729,2
6935,17729,1
5104,17729,1
5643,17730,2
876,17730,4
2130,17730,4
7529,17730,3
8765,17730,4
7144,17730,2
7503,17730,5
2912,17730,3
5461,17730,2
1277,17730,5
9826,17730,3
3862,17730,2
8775,17730,1
2610,17730,2
9219,17730,2
1459,17730,3
1270,17730,4
9502,17730,4
6139,17730,2
800,17730,5
5581,17731,3
4403,17731,4
3323,17731,5
1802,17731,1
8121,17731,2
3482,17731,2
5061,17731,5
3290,17731,3
10000,17731,3
3432,17731,3
4146,17731,2
3562,17731,4
5681,17731,5
8007,17731,3
9748,17731,2
4907,17731,1
2094,17731,4
5284,17731,3
6176,17731,4
4597,17731,3
7955,17732,2
2146,17732,2
2044,17732,3
3577,17732,1
6316,17732,3
5300,17732,4
6320,17732,2
1266,17732,1
375,17732,4
4381,17732,5
2866,17732,1
842,17732,3
1863,17732,5
9634,17732,4
2890,17732,4
1859,17732,1
8188,17732,4
9533,17732,5
3253,17732,4
376,17732,1
7599,17895,2
4002,17895,2
1266,17895,2
3957,17895,2
3778,17895,3
8479,17895,2
4824,17895,2
3480,17895,3
9824,17895,1
7508,17895,2
5857,17895,4
5085,17895,4
4104,17895,2
4981,17895,3
7261,17895,4
7155,17895,3
5860,17895,1
1816,17895,1
5939,17895,1
5523,17895,1
7960,17896,2
6152,17896,3
1482,17896,5
1636,17896,5
5256,17896,1
6500,17896,5
5543,17896,3
5657,17896,1
8560,17896,1
4053,17896,5
4418,17896,1
3909,17896,3
1932,17896,1
130,17896,4
2494,17896,2
6496,17896,2
7408,17896,2
7449,17896,5
5395,17896,2
1255,17896,3
3168,17897,5
191,17897,3
6762,17897,5
4576,17897,5
5824,17897,5
6906,17897,4
7955,17897,3
8809,17897,5
7748,17897,5
2588,17897,5
4328,17897,4
1222,17897,3
8539,17897,5
5776,17897,1
9985,17897,3
6589,17897,4
8460,17897,4
8558,17897,2
315,17897,1
338,17897,1
2422,17898,1
5712,17898,5
2693,17898,3
6416,17898,2
7476,17898,2
5824,17898,5
3360,17898,2
454,17898,1
4972,17898,5
9320,17898,4
2023,17898,2
4499,17898,5
4069,17898,2
2718,17898,4
2177,17898,4
7250,17898,4
2771,17898,5
8284,17898,4
8688,17898,3
2176,17898,4
8588,17899,3
2013,17899,2
5948,17899,5
2936,17899,1
3122,17899,3
8505,17899,5
6118,17899,2
1402,17899,1
6404,17899,4
6936,17899,2
2879,17899,5
2603,17899,1
331,17899,4
1371,17899,4
9795,17899,1
8119,17899,5
6412,17899,5
4508,17899,3
7021,17899,3
3313,17899,2
1098,17900,2
5959,17900,4
5381,17900,1
9165,17900,3
6162,17900,3
8200,17900,3
5619,17900,2
7926,17900,3
7035,17900,2
1113,17900,1
8164,17900,3
8134,17900,3
5019,17900,2
3100,17900,4
5964,17900,1
1094,17900,2
3917,17900,1
6747,17900,1
3293,17900,4
5045,17900,5
3904,17901,1
5135,17901,2
3269,17901,4
2479,17901,5
6209,17901,2
7256,17901,5
1362,17901,3
4452,17901,4
2211,17901,5
3088,17901,5
4188,17901,5
4616,17901,4
4319,17901,1
5019,17901,1
6454,17901,2
9938,17901,3
6596,17901,3
1774,17901,4
8620,17901,2
5597,17901,3
8305,17902,4
8450,17902,2
265,17902,2
4277,17902,3
3265,17902,3
9781,17902,4
9358,17902,1
3518,17902,2
8794,17902,1
5074,17902,4
6577,17902,1
1014,17902,4
4578,17902,1
8978,17902,1
1796,17902,3
8728,17902,5
6297,17902,3
3919,17902,4
2185,17902,2
8415,17902,3
4695,18034,5
8637,18034,4
9998,18034,1
2106,18034,5
1191,18034,3
82,18034,5
7666,18034,3
9111,18034,5
6913,18034,2
6242,18034,3
4090,18034,3
4647,18034,2
4054,18034,2
5737,18034,2
1895,18034,1
9072,18034,2
7738,18034,1
9604,18034,1
4734,18034,2
2673,18034,2
9843,18154,2
5653,18154,3
6387,18154,4
4170,18154,1
3261,18154,3
8528,18154,2
1150,18154,2
8609,18154,5
421,18154,3
5318,18154,5
8890,18154,4
4387,18154,1
3907,18154,3
6007,18154,2
2501,18154,5
8639,18154,3
1874,18154,4
9987,18154,5
5679,18154,2
8253,18154,3
3409,18155,3
1711,18155,1
1308,18155,2
9064,18155,3
268,18155,2
7600,18155,4
480,18155,1
6376,18155,2
5648,18155,4
2188,18155,3
888,18155,4
1601,18155,1
8749,18155,5
2756,18155,1
1436,18155,4
1208,18155,3
8191,18155,1
4372,18155,4
3303,18155,1
7423,18155,3
1835,18156,1
3339,18156,2
1181,18156,2
3472,18156,5
4207,18156,1
4664,18156,5
5849,18156,2
463,18156,2
9736,18156,3
8974,18156,2
6588,18156,5
4274,18156,5
7520,18156,4
953,18156,1
1766,18156,5
6878,18156,4
6495,18156,5
2630,18156,3
8989,18156,4
309,18156,2
9521,18157,2
4852,18157,1
9904,18157,4
5114,18157,1
9544,18157,4
9061,18157,5
3282,18157,2
600,18157,3
7760,18157,3
8519,18157,3
1975,18157,2
2427,18157,1
2275,18157,5
6976,18157,1
9576,18157,1
2826,18157,1
3733,18157,3
6956,18157,1
7279,18157,4
1134,18157,2
5459,18158,3
526,18158,1
2256,18158,5
8284,18158,3
7823,18158,4
9197,18158,4
2154,18158,1
8355,18158,2
8595,18158,3
6075,18158,5
5791,18158,3
2467,18158,1
8327,18158,3
9102,18158,3
4046,18158,5
1622,18158,3
1930,18158,5
5381,18158,1
3777,18158,1
9436,18158,2
3708,18257,1
1968,18257,4
8046,18257,5
2686,18257,3
4797,18257,3
3234,18257,1
1411,18257,2
9268,18257,3
3964,18257,3
1596,18257,5
9327,18257,1
8932,18257,3
3279,18257,2
6920,18257,3
5731,18257,1
5028,18257,4
7176,18257,1
1326,18257,2
1055,18257,3
8118,18257,5
415,18317,4
3060,18317,1
68,18317,1
667,18317,2
1251,18317,2
1742,18317,5
5652,18317,1
9694,18317,2
2139,18317,2
9810,18317,5
7986,18317,5
8940,18317,3
26,18317,3
990,18317,4
5317,18317,1
6363,18317,5
6490,18317,4
3903,18317,2
6578,18317,4
1378,18317,3
7614,18415,2
3129,18415,2
6476,18415,2
888,18415,5
9225,18415,4
398,18415,3
6774,18415,4
6871,18415,3
4667,18415,5
6463,18415,2
4342,18415,3
9947,18415,3
7825,18415,4
3031,18415,3
4542,18415,2
2866,18415,1
1906,18415,2
5795,18415,5
1095,18415,2
7688,18415,3
5376,18416,4
4424,18416,1
1914,18416,4
9934,18416,2
8295,18416,3
7488,18416,5
8807,18416,2
305,18416,5
2231,18416,3
8202,18416,4
6282,18416,2
2848,18416,1
6761,18416,2
8922,18416,2
8963,18416,1
6143,18416,5
8629,18416,4
1949,18416,4
564,18416,3
513,18416,5
823,18516,4
2327,18516,4
3527,18516,4
2784,18516,3
2697,18516,1
8208,18516,2
1182,18516,5
6940,18516,3
4460,18516,3
6987,18516,4
9563,18516,4
5219,18516,3
6167,18516,3
1504,18516,4
7366,18516,4
3486,18516,1
6514,18516,3
4624,18516,5
6258,18516,2
1162,18516,2
247,18517,4
6610,18517,3
5829,18517,2
9951,18517,3
1925,18517,3
3501,18517,4
1895,18517,4
8525,18517,1
8272,18517,5
4412,18517,1
5089,18517,4
9280,18517,5
2719,18517,5
6682,18517,4
3508,18517,3
3084,18517,5
8131,18517,1
9751,18517,2
6150,18517,2
1420,18517,1
9388,18518,2
4810,18518,3
9995,18518,2
3364,18518,4
2471,18518,2
8342,18518,4
3534,18518,5
8504,18518,1
6755,18518,1
7212,18518,5
7199,18518,1
9762,18518,3
6914,18518,4
2825,18518,1
6805,18518,5
3035,18518,3
221,18518,4
1883,18518,2
8099,18518,1
4813,18518,4
5148,18519,2
6672,18519,1
5113,18519,5
2213,18519,4
1168,18519,3
5211,18519,3
1512,18519,4
3495,18519,1
9544,18519,5
6076,18519,4
9723,18519,3
8852,18519,1
2942,18519,5
2070,18519,4
929,18519,2
1500,18519,1
7576,18519,5
844,18519,4
5299,18519,5
2272,18519,2
9691,18577,5
3489,18577,3
9834,18577,2
1928,18577,4
7101,18577,3
1477,18577,2
3003,18577,3
7841,18577,5
2718,18577,3
6352,18577,5
4557,18577,3
322,18577,4
9864,18577,5
892,18577,3
9674,18577,5
5549,18577,3
6860,18577,4
5656,18577,1
6012,18577,4
2497,18577,2
8745,18939,2
4682,18939,3
6200,18939,1
9049,18939,1
7174,18939,5
2302,18939,3
1068,18939,1
6880,18939,5
1164,18939,4
4228,18939,4
1614,18939,3
6725,18939,4
5449,18939,3
7541,18939,1
3397,18939,5
3205,18939,4
2671,18939,3
6009,18939,5
7302,18939,3
6028,18939,4
2060,18940,1
3744,18940,1
8008,18940,3
1179,18940,5
7151,18940,4
9007,18940,5
16,18940,4
4368,18940,3
2275,18940,1
4275,18940,3
6573,18940,5
5197,18940,2
856,18940,4
6306,18940,4
9485,18940,2
9455,18940,4
4492,18940,4
6452,18940,1
524,18940,5
5508,18940,2
228,18941,5
1629,18941,2
7786,18941,1
4089,18941,3
5094,18941,1
1859,18941,1
1352,18941,5
7285,18941,3
4938,18941,2
8325,18941,2
3295,18941,5
614,18941,3
6886,18941,2
9095,18941,1
4819,18941,3
7019,18941,2
8265,18941,2
3869,18941,3
5460,18941,3
1695,18941,4
8146,18942,5
5165,18942,1
3988,18942,4
1212,18942,2
8849,18942,4
3022,18942,5
6472,18942,3
7605,18942,3
2857,18942,3
4685,18942,2
7794,18942,2
9166,18942,3
8070,18942,4
8554,18942,4
9476,18942,4
3604,18942,4
4376,18942,3
5686,18942,1
2105,18942,5
8577,18942,4
8470,18943,1
3601,18943,2
5863,18943,2
1552,18943,5
1866,18943,5
293,18943,5
8245,18943,5
8598,18943,5
7602,18943,5
7281,18943,2
2241,18943,1
7296,18943,1
421,18943,1
7935,18943,4
7175,18943,4
1764,18943,2
9981,18943,3
1821,18943,5
8054,18943,2
4950,18943,3
3757,18944,4
6289,18944,1
7111,18944,3
3045,18944,5
5250,18944,2
7939,18944,3
121,18944,2
3689,18944,2
3711,18944,2
7341,18944,3
4445,18944,2
3451,18944,5
9385,18944,4
8849,18944,3
4186,18944,1
405,18944,5
4906,18944,1
3795,18944,2
9919,18944,2
4395,18944,5
1572,18945,1
1862,18945,1
6805,18945,5
7650,18945,2
8832,18945,3
1087,18945,5
7076,18945,4
9452,18945,3
7318,18945,5
1788,18945,4
5993,18945,4
8089,18945,3
5921,18945,4
9956,18945,4
5330,18945,2
1485,18945,5
7981,18945,3
9303,18945,5
7513,18945,3
1332,18945,4
1869,18946,4
3604,18946,3
8022,18946,5
9221,18946,3
8698,18946,2
9329,18946,1
3222,18946,3
9494,18946,4
7030,18946,1
2260,18946,5
5960,18946,1
2066,18946,3
2198,18946,2
4978,18946,3
3202,18946,4
4962,18946,4
7136,18946,4
2951,18946,1
8320,18946,1
4844,18946,4
1532,18947,4
2913,18947,1
259,18947,1
1731,18947,4
8008,18947,3
7358,18947,3
5240,18947,3
2974,18947,5
9481,18947,4
4649,18947,1
7248,18947,1
9691,18947,5
623,18947,4
9635,18947,1
6633,18947,3
620,18947,5
8365,18947,3
8728,18947,3
1988,18947,2
2704,18947,3
1158,18948,5
2470,18948,2
2070,18948,4
8658,18948,4
490,18948,3
961,18948,4
4375,18948,1
184,18948,4
9264,18948,5
2250,18948,4
999,18948,4
4490,18948,5
1426,18948,4
4720,18948,4
4450,18948,5
7364,18948,3
7588,18948,5
5636,18948,5
5849,18948,4
6975,18948,2
2111,18949,2
2497,18949,3
6237,18949,1
5103,18949,1
2330,18949,2
2798,18949,1
4124,18949,2
1950,18949,3
9965,18949,2
7835,18949,3
2938,18949,1
5560,18949,1
3498,18949,4
3353,18949,5
4418,18949,5
830,18949,4
9172,18949,2
4051,18949,1
4253,18949,5
2329,18949,3
3942,18950,3
1125,18950,1
6933,18950,5
3844,18950,3
9014,18950,2
7100,18950,2
3295,18950,3
6681,18950,5
3030,18950,5
93,18950,5
7562,18950,2
3419,18950,4
4518,18950,2
1090,18950,4
4492,18950,2
2066,18950,3
968,18950,1
7932,18950,2
705,18950,1
6421,18950,2
3407,18951,4
5676,18951,2
314,18951,5
6423,18951,4
9978,18951,5
391,18951,4
2381,18951,2
6960,18951,3
299,18951,2
4008,18951,3
1697,18951,4
1534,18951,2
7839,18951,2
4271,18951,2
4491,18951,3
4405,18951,4
9337,18951,2
9904,18951,2
9780,18951,4
4591,18951,1
8092,18952,5
6060,18952,3
3718,18952,4
4730,18952,2
3810,18952,1
9066,18952,5
4631,18952,3
4352,18952,3
26,18952,2
7125,18952,2
7592,18952,1
1089,18952,5
1356,18952,5
2668,18952,1
5218,18952,5
6997,18952,5
6993,18952,4
3081,18952,3
4359,18952,5
4229,18952,3
6548,18953,3
4578,18953,1
1118,18953,3
707,18953,3
8542,18953,1
6681,18953,4
9211,18953,5
802,18953,2
4720,18953,5
4708,18953,1
8511,18953,4
4290,18953,3
7321,18953,3
7188,18953,1
717,18953,5
5639,18953,2
1356,18953,1
430,18953,3
5168,18953,1
8307,18953,5
7417,19106,3
5173,19106,2
7080,19106,1
8732,19106,2
9294,19106,3
3399,19106,5
8382,19106,4
4648,19106,1
635,19106,2
5983,19106,2
7523,19106,2
696,19106,2
6360,19106,1
3086,19106,2
4561,19106,2
4270,19106,4
6322,19106,1
3405,19106,5
2244,19106,1
591,19106,4
5548,19107,4
8337,19107,4
9592,19107,2
2275,19107,1
5011,19107,1
878,19107,3
6716,19107,3
1093,19107,5
4287,19107,2
4,19107,1
5809,19107,3
304,19107,5
1144,19107,1
8071,19107,5
6688,19107,2
9006,19107,2
7444,19107,4
3756,19107,4
2499,19107,3
6078,19107,2
9383,19108,2
1673,19108,1
801,19108,3
4851,19108,3
118,19108,4
1581,19108,5
1908,19108,2
1720,19108,3
1554,19108,2
8924,19108,2
4191,19108,3
6597,19108,5
4390,19108,5
6382,19108,3
4492,19108,1
7834,19108,4
8047,19108,3
8422,19108,2
5896,19108,4
4828,19108,1
1861,19109,2
9474,19109,4
788,19109,2
4188,19109,1
4064,19109,5
7375,19109,5
9030,19109,5
1366,19109,1
2601,19109,2
2834,19109,4
4914,19109,5
7711,19109,2
7805,19109,1
6065,19109,1
7488,19109,5
4408,19109,2
7235,19109,3
9632,19109,1
3416,19109,2
9282,19109,3
1903,19110,3
1633,19110,3
2892,19110,2
5438,19110,4
1186,19110,1
7039,19110,2
6843,19110,3
8717,19110,2
5799,19110,2
1926,19110,5
5123,19110,3
6260,19110,3
3947,19110,5
6587,19110,3
2518,19110,5
5308,19110,5
8675,19110,5
1463,19110,1
3855,19110,4
7620,19110,1
6733,19111,1
6265,19111,4
2022,19111,5
1105,19111,4
34,19111,3
9863,19111,5
2786,19111,1
1044,19111,1
5491,19111,4
6647,19111,5
3718,19111,4
5291,19111,4
1406,19111,5
7759,19111,1
8189,19111,2
2322,19111,5
6171,19111,1
7827,19111,1
541,19111,2
7050,19111,1
4245,19232,5
8249,19232,5
2021,19232,2
96,19232,2
9208,19232,3
9378,19232,3
6996,19232,3
62,19232,4
5989,19232,3
9861,19232,2
910,19232,5
9955,19232,2
2174,19232,3
9999,19232,1
3652,19232,2
2145,19232,3
4532,19232,5
9588,19232,4
7479,19232,1
1916,19232,4
797,19390,2
446,19390,5
2421,19390,4
8655,19390,5
7057,19390,4
2595,19390,1
6979,19390,4
2631,19390,2
6208,19390,1
1768,19390,1
4049,19390,2
654,19390,2
3775,19390,1
8009,19390,4
3340,19390,1
2161,19390,1
6221,19390,3
9562,19390,1
5228,19390,3
4698,19390,4
6000,19545,3
9584,19545,2
6675,19545,1
1318,19545,1
7071,19545,4
9360,19545,2
1422,19545,1
7601,19545,5
7452,19545,2
5928,19545,3
3896,19545,4
8964,19545,1
5550,19545,4
6305,19545,4
564,19545,2
1911,19545,4
5844,19545,1
2114,19545,3
7276,19545,4
6326,19545,2
1377,19743,5
3717,19743,4
5887,19743,3
834,19743,2
7139,19743,3
424,19743,1
8241,19743,3
7372,19743,2
7919,19743,4
7381,19743,3
6534,19743,5
1102,19743,5
7082,19743,3
7282,19743,1
9557,19743,4
6504,19743,5
105,19743,5
1365,19743,2
5866,19743,2
7825,19743,5
611,19744,4
2885,19744,5
4405,19744,1
313,19744,1
9145,19744,3
3415,19744,3
7865,19744,3
6691,19744,2
442,19744,2
9500,19744,1
5467,19744,3
7946,19744,3
5046,19744,1
2853,19744,5
7149,19744,4
6349,19744,4
1543,19744,3
964,19744,4
7917,19744,2
7031,19744,1
6136,19745,5
1762,19745,1
6030,19745,4
2369,19745,5
6642,19745,3
1441,19745,5
9605,19745,3
9999,19745,3
1355,19745,4
4662,19745,3
6602,19745,3
7740,19745,2
5701,19745,4
7379,19745,2
7324,19745,4
244,19745,5
4570,19745,4
1464,19745,2
1766,19745,4
1955,19745,1
1943,19746,2
8807,19746,1
4138,19746,4
9614,19746,3
7267,19746,1
5638,19746,4
4758,19746,4
4238,19746,4
9935,19746,2
9489,19746,2
1721,19746,5
6855,19746,5
4734,19746,3
9425,19746,3
864,19746,1
1908,19746,4
298,19746,1
1219,19746,5
169,19746,1
719,19746,1
9293,19868,4
8571,19868,2
7205,19868,3
4128,19868,4
7935,19868,3
8475,19868,2
4208,19868,1
6426,19868,2
2861,19868,4
5006,19868,3
9624,19868,4
582,19868,5
5305,19868,5
8626,19868,1
3735,19868,3
7012,19868,4
8056,19868,5
5932,19868,3
3040,19868,4
1382,19868,1
8328,19972,5
4806,19972,1
3916,19972,2
7611,19972,2
1347,19972,2
3366,19972,1
2490,19972,3
9992,19972,4
736,19972,4
5048,19972,5
3942,19972,2
1115,19972,2
5053,19972,1
5671,19972,5
1869,19972,1
5499,19972,1
7148,19972,5
862,19972,4
3185,19972,1
2643,19972,1
1181,19973,5
5851,19973,1
5900,19973,2
6770,19973,1
6347,19973,5
4125,19973,2
7994,19973,1
1679,19973,5
4317,19973,3
4153,19973,4
4508,19973,4
4379,19973,1
5129,19973,3
4741,19973,1
126,19973,3
3397,19973,2
2141,19973,3
1144,19973,3
9859,19973,3
9535,19973,3
5572,19974,4
3069,19974,2
6670,19974,3
6700,19974,4
4,19974,1
9376,19974,2
540,19974,4
1977,19974,3
2173,19974,2
9023,19974,5
4262,19974,2
7304,19974,2
2198,19974,4
338,19974,2
6677,19974,4
4042,19974,5
4147,19974,3
7969,19974,5
6818,19974,2
6120,19974,1
3817,19975,1
315,19975,4
8452,19975,2
3753,19975,5
133,19975,2
2736,19975,1
5086,19975,5
2010,19975,1
6883,19975,2
106,19975,2
8459,19975,2
6290,19975,5
5913,19975,4
3677,19975,1
8536,19975,1
4341,19975,1
2604,19975,3
5227,19975,4
3643,19975,2
1808,19975,3
4419,19976,3
6882,19976,3
488,19976,1
9523,19976,3
7089,19976,4
3107,19976,1
6667,19976,3
5286,19976,5
4788,19976,5
6022,19976,2
6160,19976,4
9850,19976,3
1811,19976,2
9460,19976,2
4200,19976,2
3597,19976,4
5611,19976,4
6122,19976,3
9384,19976,2
3529,19976,4
637,20089,3
27,20089,2
7842,20089,2
1379,20089,3
8727,20089,5
7184,20089,4
2251,20089,5
9195,20089,2
4020,20089,5
4659,20089,5
7419,20089,2
5446,20089,4
8400,20089,1
2605,20089,2
599,20089,5
7923,20089,2
1410,20089,1
9717,20089,1
9636,20089,2
9522,20089,4
6767,20090,1
6919,20090,5
3224,20090,2
3713,20090,4
270,20090,4
5434,20090,5
183,20090,1
6114,20090,3
9474,20090,1
3378,20090,5
2941,20090,3
4826,20090,1
4591,20090,5
1614,20090,5
969,20090,5
8555,20090,3
1889,20090,1
6397,20090,5
8460,20090,4
8904,20090,3
7807,20091,4
9873,20091,5
8730,20091,4
7241,20091,2
4724,20091,5
8962,20091,3
6660,20091,4
9017,20091,2
6375,20091,1
1177,20091,2
3981,20091,5
2339,20091,1
965,20091,2
598,20091,4
3197,20091,2
7308,20091,4
516,20091,3
355,20091,1
4367,20091,2
3913,20091,3
1981,20092,5
6229,20092,3
8722,20092,4
6682,20092,1
2444,20092,5
8736,20092,4
3582,20092,4
6933,20092,5
3071,20092,4
7489,20092,1
1953,20092,2
7448,20092,3
3018,20092,4
3367,20092,1
5543,20092,1
2566,20092,4
5154,20092,1
1312,20092,5
5550,20092,5
9658,20092,5
598,20093,3
3427,20093,5
5517,20093,2
338,20093,2
9467,20093,3
143,20093,2
9251,20093,3
2478,20093,5
4245,20093,5
377,20093,4
1234,20093,5
3471,20093,3
6741,20093,2
1789,20093,2
9895,20093,4
8091,20093,3
3094,20093,5
7950,20093,4
5651,20093,5
7754,20093,3
2875,20094,5
2635,20094,4
6602,20094,1
9562,20094,5
4664,20094,3
5780,20094,1
9236,20094,2
5944,20094,5
6866,20094,1
9110,20094,3
7625,20094,5
7570,20094,1
8679,20094,4
9195,20094,1
6200,20094,4
6141,20094,1
171,20094,2
5489,20094,1
7576,20094,3
6542,20094,2
7221,20095,5
3084,20095,2
5,20095,5
7886,20095,3
7891,20095,4
5572,20095,5
452,20095,1
2740,20095,5
748,20095,5
4112,20095,1
8165,20095,5
9495,20095,2
4619,20095,4
7373,20095,5
238,20095,1
4812,20095,2
9085,20095,2
9606,20095,4
7251,20095,4
2236,20095,3
8969,20096,5
5810,20096,2
1716,20096,4
5833,20096,1
6038,20096,2
4404,20096,3
4369,20096,3
5291,20096,1
7535,20096,5
6392,20096,2
5365,20096,2
8315,20096,5
1074,20096,2
6083,20096,2
7249,20096,2
6910,20096,5
2653,20096,1
8507,20096,4
6937,20096,5
2553,20096,3
8222,20097,1
8049,20097,3
7383,20097,3
5629,20097,3
2216,20097,1
3253,20097,1
3940,20097,2
983,20097,4
1428,20097,2
9456,20097,1
3039,20097,2
7754,20097,3
6175,20097,3
1512,20097,3
8953,20097,3
8423,20097,2
682,20097,3
5973,20097,5
2833,20097,4
3015,20097,5
3001,20098,4
1204,20098,3
9685,20098,3
1708,20098,2
7708,20098,4
1468,20098,2
2728,20098,3
3596,20098,4
401,20098,4
544,20098,4
2746,20098,1
9424,20098,1
7101,20098,3
1643,20098,1
6793,20098,3
2551,20098,4
2818,20098,3
7477,20098,1
9053,20098,4
1030,20098,2
4446,20099,4
502,20099,4
8510,20099,1
43,20099,1
8113,20099,3
7336,20099,2
3041,20099,3
9672,20099,2
5934,20099,4
1438,20099,2
6798,20099,5
8785,20099,3
9469,20099,4
641,20099,1
2361,20099,3
3193,20099,3
7538,20099,1
7568,20099,1
2398,20099,2
750,20099,3
4032,20179,5
2984,20179,5
8090,20179,1
4612,20179,4
5442,20179,2
7136,20179,3
3858,20179,4
2593,20179,5
7460,20179,2
7804,20179,4
5439,20179,4
5955,20179,3
5148,20179,2
5094,20179,5
8675,20179,2
2332,20179,1
6636,20179,1
1991,20179,5
7125,20179,3
7873,20179,1
9374,20298,2
1617,20298,2
1965,20298,2
1217,20298,1
3520,20298,3
4832,20298,5
5174,20298,1
6316,20298,3
1805,20298,1
4065,20298,1
5007,20298,2
85,20298,3
4035,20298,2
5995,20298,4
919,20298,1
7508,20298,3
8170,20298,3
4884,20298,3
9047,20298,4
6465,20298,5
4848,20299,4
9902,20299,5
365,20299,1
7253,20299,4
8858,20299,1
488,20299,5
2970,20299,4
5359,20299,5
7684,20299,5
4756,20299,2
5193,20299,5
2725,20299,1
2785,20299,2
565,20299,3
5320,20299,1
3491,20299,5
3497,20299,3
9920,20299,5
6314,20299,3
1499,20299,5
1361,20300,2
620,20300,2
4141,20300,4
6274,20300,4
5324,20300,2
7991,20300,2
4017,20300,4
2468,20300,4
4503,20300,1
7610,20300,3
2572,20300,1
6155,20300,2
7431,20300,1
9349,20300,3
1479,20300,3
6741,20300,1
9481,20300,3
4362,20300,4
5255,20300,4
3005,20300,5
127,20301,2
9069,20301,4
6533,20301,5
6705,20301,3
6996,20301,1
2952,20301,1
6898,20301,3
5355,20301,2
5265,20301,1
3878,20301,2
2443,20301,5
9521,20301,4
3305,20301,5
9708,20301,1
8739,20301,4
3457,20301,4
7292,20301,3
4710,20301,5
6140,20301,2
7255,20301,2
4101,20302,3
1618,20302,3
5425,20302,4
988,20302,4
1509,20302,1
715,20302,1
8886,20302,5
8912,20302,1
7014,20302,1
3955,20302,2
119,20302,3
422,20302,4
3074,20302,2
3938,20302,3
6150,20302,4
5637,20302,1
6972,20302,5
2519,20302,3
951,20302,3
7679,20302,2
50,20303,2
6088,20303,4
8015,20303,1
4113,20303,1
5453,20303,4
5542,20303,4
5252,20303,1
9211,20303,3
438,20303,1
2375,20303,4
2236,20303,5
3589,20303,2
8615,20303,4
8690,20303,2
2377,20303,3
7565,20303,4
4262,20303,1
5891,20303,5
9096,20303,3
2702,20303,5
8750,20304,4
6270,20304,1
9571,20304,4
8285,20304,3
9872,20304,4
3207,20304,1
9830,20304,3
6766,20304,3
1314,20304,3
9519,20304,2
7527,20304,2
9655,20304,5
5245,20304,1
7184,20304,1
2693,20304,2
5189,20304,1
2658,20304,2
9132,20304,4
788,20304,3
1637,20304,5
4309,20305,1
6138,20305,5
9591,20305,5
3444,20305,4
2631,20305,3
438,20305,3
7185,20305,3
3371,20305,2
9039,20305,5
1731,20305,4
5354,20305,1
2343,20305,5
1684,20305,1
6236,20305,1
4496,20305,5
6710,20305,5
2612,20305,3
9517,20305,5
1719,20305,5
4952,20305,1
8540,20411,2
219,20411,2
471,20411,2
7913,20411,5
1180,20411,3
5483,20411,1
6071,20411,5
9371,20411,1
5044,20411,5
8932,20411,1
7236,20411,1
6168,20411,1
4621,20411,2
5032,20411,1
2308,20411,4
4333,20411,1
2869,20411,4
8013,20411,2
524,20411,5
8732,20411,5
3944,20520,5
1866,20520,5
5314,20520,3
3825,20520,2
1615,20520,4
3310,20520,2
3399,20520,1
1968,20520,1
2277,20520,3
6398,20520,2
7260,20520,4
6743,20520,5
8288,20520,3
3324,20520,5
1953,20520,5
1339,20520,4
9261,20520,4
3354,20520,1
4702,20520,4
4909,20520,2
9195,20521,5
4692,20521,3
7480,20521,5
998,20521,2
2701,20521,2
3906,20521,5
5975,20521,2
373,20521,4
8324,20521,3
1097,20521,3
3300,20521,1
7116,20521,4
3635,20521,4
5357,20521,1
9222,20521,5
1757,20521,1
1494,20521,3
4979,20521,3
3810,20521,1
9437,20521,2
5346,20522,3
9793,20522,1
7259,20522,4
260,20522,2
6442,20522,3
3548,20522,1
7388,20522,3
1046,20522,5
8989,20522,1
4957,20522,5
9551,20522,3
4670,20522,4
2850,20522,2
4568,20522,5
2948,20522,5
5246,20522,4
3593,20522,2
6061,20522,3
7328,20522,5
9077,20522,3
8622,20523,3
890,20523,2
3524,20523,5
2185,20523,5
6022,20523,5
670,20523,2
4600,20523,2
7595,20523,2
9541,20523,1
5906,20523,4
3762,20523,1
1902,20523,3
3011,20523,3
9609,20523,4
1538,20523,4
4864,20523,1
8526,20523,5
2202,20523,1
5556,20523,4
164,20523,1
3692,20524,1
9639,20524,1
7658,20524,1
7295,20524,1
169,20524,3
753,20524,3
5953,20524,2
1075,20524,1
7678,20524,1
4960,20524,2
7750,20524,2
4411,20524,5
8003,20524,4
4821,20524,2
7611,20524,1
4393,20524,4
315,20524,5
5970,20524,3
4432,20524,2
1241,20524,2
6610,20525,4
7631,20525,2
2855,20525,2
442,20525,3
3360,20525,2
544,20525,2
8606,20525,1
6554,20525,2
7939,20525,3
7140,20525,5
6736,20525,5
8224,20525,1
1296,20525,1
7589,20525,4
616,20525,3
1972,20525,5
5779,20525,2
8608,20525,2
9997,20525,2
6383,20525,5
9741,20639,2
9495,20639,3
1491,20639,3
3247,20639,2
3230,20639,5
6425,20639,2
5029,20639,5
5164,20639,2
3508,20639,4
2409,20639,3
5258,20639,1
5954,20639,4
6523,20639,1
2868,20639,1
4111,20639,4
840,20639,3
8791,20639,3
5557,20639,5
6870,20639,2
8714,20639,2
5349,20640,1
9356,20640,3
8704,20640,2
2032,20640,1
6333,20640,5
1026,20640,5
9210,20640,4
8279,20640,3
8623,20640,4
1407,20640,3
9771,20640,1
4047,20640,3
8410,20640,2
5835,20640,3
6379,20640,2
6899,20640,2
1030,20640,2
6655,20640,1
7091,20640,3
2408,20640,1
637,20641,4
6330,20641,3
5571,20641,3
1926,20641,5
3287,20641,5
5760,20641,5
9581,20641,3
7568,20641,5
6924,20641,1
9709,20641,1
3050,20641,3
1139,20641,4
6762,20641,5
9274,20641,3
1242,20641,3
9899,20641,5
7919,20641,4
3572,20641,3
6453,20641,4
6791,20641,3
7598,20642,4
6645,20642,2
7005,20642,1
5906,20642,4
3462,20642,3
2704,20642,3
7327,20642,4
3379,20642,4
425,20642,4
8472,20642,2
8445,20642,1
4899,20642,2
4706,20642,2
966,20642,5
5279,20642,4
414,20642,4
7754,20642,4
1020,20642,3
5015,20642,2
9769,20642,5
1671,20643,4
6167,20643,4
8751,20643,5
5392,20643,5
7149,20643,3
882,20643,4
2398,20643,5
2930,20643,2
1558,20643,1
9519,20643,3
5033,20643,2
2776,20643,4
1789,20643,4
1795,20643,2
3914,20643,4
6158,20643,2
6965,20643,3
6175,20643,4
2860,20643,2
1289,20643,2
7779,20644,5
7335,20644,3
2373,20644,3
2851,20644,4
4188,20644,1
5617,20644,2
2562,20644,3
3332,20644,5
4802,20644,4
4922,20644,1
7747,20644,2
9052,20644,2
9451,20644,1
6538,20644,1
8293,20644,3
4317,20644,3
4774,20644,3
4530,20644,3
6892,20644,4
7532,20644,4
3677,20645,5
3578,20645,2
7302,20645,1
500,20645,4
3090,20645,1
6534,20645,1
6376,20645,3
5611,20645,3
9830,20645,1
5015,20645,2
1883,20645,5
6150,20645,4
9705,20645,4
9149,20645,4
4150,20645,1
1789,20645,1
1738,20645,3
1476,20645,4
267,20645,5
1831,20645,1
1684,20646,3
2602,20646,3
7482,20646,1
1867,20646,1
2069,20646,5
3572,20646,4
3445,20646,4
9057,20646,1
4707,20646,5
2255,20646,2
3052,20646,4
3908,20646,2
5812,20646,5
7001,20646,3
8157,20646,4
6648,20646,4
3042,20646,4
3023,20646,4
9843,20646,1
6345,20646,5
3307,20770,3
6774,20770,1
3780,20770,4
2043,20770,4
7439,20770,3
4407,20770,2
7985,20770,2
6431,20770,5
9152,20770,2
366,20770,4
93,20770,1
1068,20770,3
7039,20770,4
8350,20770,4
9232,20770,5
427,20770,5
2610,20770,3
9555,20770,4
4616,20770,3
5101,20770,2
4450,20771,2
8065,20771,1
4304,20771,2
918,20771,4
7776,20771,3
6376,20771,3
2557,20771,3
799,20771,2
3460,20771,3
6166,20771,5
2795,20771,2
5355,20771,5
9404,20771,4
7969,20771,2
4315,20771,1
2976,20771,3
96,20771,3
9218,20771,5
2927,20771,2
2232,20771,5
3242,20919,3
934,20919,4
2626,20919,1
5755,20919,4
4266,20919,5
3249,20919,3
9186,20919,4
1207,20919,2
1376,20919,2
557,20919,2
621,20919,4
2811,20919,5
4259,20919,5
5607,20919,5
9359,20919,2
7483,20919,4
9713,20919,3
4550,20919,3
994,20919,1
8961,20919,5
3417,21099,5
9998,21099,1
1041,21099,2
5313,21099,5
7275,21099,5
25,21099,3
315,21099,2
3890,21099,2
1322,21099,4
4131,21099,5
5722,21099,2
1769,21099,5
1509,21099,1
6759,21099,1
3961,21099,5
7238,21099,2
1842,21099,1
4707,21099,5
4243,21099,5
9445,21099,2
7731,21211,2
3312,21211,5
2770,21211,5
5446,21211,2
7089,21211,1
3667,21211,5
6941,21211,3
6366,21211,1
5802,21211,3
9629,21211,3
565,21211,3
2559,21211,1
794,21211,4
3606,21211,5
4280,21211,2
5934,21211,4
941,21211,1
2851,21211,5
6187,21211,5
5687,21211,1
995,21335,5
140,21335,4
7310,21335,1
9687,21335,4
6539,21335,1
7062,21335,2
9129,21335,1
5401,21335,3
6528,21335,5
7160,21335,3
6296,21335,3
7415,21335,2
3029,21335,3
9754,21335,5
6155,21335,5
8142,21335,5
6672,21335,3
5925,21335,1
2066,21335,1
9521,21335,4
237,21336,5
7913,21336,1
6009,21336,5
4895,21336,3
1998,21336,2
1506,21336,3
3326,21336,5
686,21336,5
7160,21336,2
2451,21336,2
3174,21336,5
4774,21336,4
3644,21336,4
8061,21336,5
1197,21336,1
1428,21336,5
6086,21336,5
5607,21336,2
1326,21336,1
7969,21336,3
1062,21337,1
5778,21337,3
7273,21337,1
8077,21337,2
5285,21337,1
1621,21337,3
9290,21337,3
4267,21337,1
7333,21337,3
5191,21337,5
2625,21337,4
5740,21337,4
8132,21337,1
9682,21337,3
9944,21337,5
6882,21337,1
5275,21337,5
8047,21337,2
914,21337,3
9817,21337,4
9750,21483,4
6004,21483,5
4657,21483,3
7222,21483,2
4452,21483,4
7779,21483,2
5893,21483,2
9221,21483,5
4941,21483,4
6832,21483,5
5717,21483,4
4428,21483,4
862,21483,5
9181,21483,5
3529,21483,1
9441,21483,5
6872,21483,2
4674,21483,1
1718,21483,1
4044,21483,5
4086,21484,5
7000,21484,4
2060,21484,5
6675,21484,3
8509,21484,2
4815,21484,1
4120,21484,2
1573,21484,2
4391,21484,5
5126,21484,3
6387,21484,1
2833,21484,1
2113,21484,3
3575,21484,2
6214,21484,1
8404,21484,4
6630,21484,2
3956,21484,4
9249,21484,1
3097,21484,2
3097,21485,4
1470,21485,3
8371,21485,2
35,21485,4
7810,21485,2
3761,21485,4
4102,21485,2
6241,21485,5
608,21485,1
7673,21485,2
7231,21485,4
3124,21485,3
5073,21485,4
9049,21485,2
7278,21485,1
2300,21485,3
8372,21485,2
2132,21485,5
1505,21485,3
1774,21485,4
6483,21486,2
570,21486,4
5537,21486,2
9292,21486,1
2916,21486,2
8487,21486,4
5422,21486,1
8072,21486,1
4943,21486,5
509,21486,3
1927,21486,4
867,21486,1
527,21486,5
9028,21486,2
9002,21486,2
7431,21486,1
3916,21486,1
1222,21486,5
8565,21486,1
832,21486,2
2580,21660,5
9482,21660,1
80,21660,5
9255,21660,1
2846,21660,5
2200,21660,3
4755,21660,1
7836,21660,4
7616,21660,4
4652,21660,5
1063,21660,2
781,21660,3
8695,21660,3
8883,21660,2
4139,21660,4
8948,21660,5
6565,21660,4
1650,21660,5
102,21660,5
778,21660,3
107,21709,5
8114,21709,1
6651,21709,2
1448,21709,4
8978,21709,2
7994,21709,1
5724,21709,1
4406,21709,2
6590,21709,1
3196,21709,3
902,21709,5
2097,21709,3
9805,21709,5
1916,21709,3
8117,21709,2
6013,21709,4
3994,21709,5
7275,21709,4
952,21709,2
6231,21709,4
2849,21739,4
1606,21739,3
9078,21739,5
7483,21739,5
6990,21739,2
8454,21739,4
2894,21739,4
1458,21739,1
3017,21739,5
8544,21739,5
520,21739,4
8904,21739,4
3465,21739,3
6801,21739,5
1075,21739,3
4066,21739,2
4157,21739,4
6398,21739,5
1029,21739,5
5812,21739,2
2864,21800,4
7718,21800,2
189,21800,1
1310,21800,3
2377,21800,5
9786,21800,2
5479,21800,3
5648,21800,2
8364,21800,2
2518,21800,4
633,21800,4
8362,21800,4
507,21800,5
9047,21800,1
909,21800,1
2223,21800,2
8429,21800,2
985,21800,1
946,21800,4
1642,21800,4
3885,21801,2
2463,21801,1
6797,21801,5
1101,21801,2
4368,21801,5
9603,21801,3
7888,21801,1
8122,21801,3
6301,21801,4
9576,21801,3
8534,21801,4
8017,21801,1
1062,21801,1
4397,21801,5
3750,21801,2
5315,21801,1
5781,21801,3
7921,21801,3
4947,21801,5
9701,21801,5
7827,21802,5
5604,21802,4
6845,21802,5
4529,21802,4
5645,21802,4
9466,21802,5
9055,21802,2
1511,21802,5
8696,21802,3
937,21802,2
2703,21802,3
2415,21802,4
7309,21802,3
1684,21802,1
9858,21802,5
7405,21802,3
6220,21802,2
1598,21802,4
6400,21802,5
5471,21802,3
1674,21803,3
2419,21803,4
5599,21803,2
4928,21803,3
6377,21803,4
1474,21803,5
1353,21803,4
3194,21803,5
263,21803,3
3243,21803,4
4138,21803,2
9127,21803,1
2797,21803,2
4191,21803,5
8892,21803,2
1322,21803,1
2925,21803,4
4006,21803,4
3523,21803,5
5192,21803,2
4346,22130,1
9268,22130,1
2086,22130,5
5960,22130,3
4977,22130,3
6894,22130,1
1662,22130,4
6538,22130,4
9472,22130,5
1078,22130,5
3132,22130,4
3692,22130,4
4620,22130,3
7625,22130,1
9700,22130,4
5350,22130,3
476,22130,3
2433,22130,1
9875,22130,2
4258,22130,3
7887,22194,1
637,22194,3
4522,22194,3
7818,22194,5
8393,22194,5
6336,22194,5
6525,22194,5
7423,22194,5
9995,22194,1
6062,22194,1
2252,22194,3
8414,22194,4
8478,22194,1
610,22194,4
7897,22194,5
3625,22194,1
131,22194,4
9984,22194,1
4431,22194,3
92,22194,5
3229,22195,1
3731,22195,5
4824,22195,1
4760,22195,2
8191,22195,1
7773,22195,4
6505,22195,5
1513,22195,5
7167,22195,1
9751,22195,2
4722,22195,1
9109,22195,5
6889,22195,5
6349,22195,5
7192,22195,4
2281,22195,3
6616,22195,1
666,22195,4
6213,22195,1
4321,22195,4
6524,22196,2
8157,22196,3
8579,22196,5
730,22196,4
5241,22196,1
5612,22196,2
1245,22196,5
9250,22196,1
7025,22196,4
6570,22196,2
7991,22196,2
1854,22196,2
6613,22196,1
949,22196,3
656,22196,3
2893,22196,1
7062,22196,4
4502,22196,2
5347,22196,2
283,22196,3
4438,22197,1
1126,22197,5
7202,22197,1
8850,22197,4
5809,22197,3
1239,22197,4
4755,22197,2
1001,22197,4
2262,22197,5
2179,22197,1
5422,22197,5
181,22197,2
375,22197,5
1358,22197,3
8199,22197,1
398,22197,2
2438,22197,4
2133,22197,5
1213,22197,2
4792,22197,1
9767,22198,1
4593,22198,4
3018,22198,1
5255,22198,3
4362,22198,4
4339,22198,1
2866,22198,3
5205,22198,4
6004,22198,5
7866,22198,1
8175,22198,4
5471,22198,3
7672,22198,4
539,22198,3
8103,22198,2
6995,22198,4
6556,22198,5
7491,22198,2
3591,22198,1
7149,22198,2
5810,22199,2
2917,22199,2
386,22199,3
2890,22199,4
7731,22199,2
5596,22199,4
9466,22199,2
3186,22199,5
5139,22199,3
785,22199,2
4596,22199,4
6966,22199,3
4426,22199,3
6141,22199,4
6043,22199,3
6680,22199,3
9793,22199,4
666,22199,3
876,22199,5
8904,22199,3
5291,22200,2
8147,22200,2
2994,22200,4
4647,22200,3
2321,22200,3
59,22200,3
8260,22200,4
6247,22200,1
4791,22200,4
5556,22200,4
8383,22200,4
5316,22200,3
6160,22200,2
9952,22200,5
8495,22200,2
4102,22200,1
5137,22200,4
6546,22200,4
6073,22200,5
7688,22200,5
6854,22307,4
2306,22307,1
6016,22307,4
2263,22307,1
2904,22307,1
8230,22307,1
6408,22307,3
3756,22307,4
5097,22307,3
2482,22307,2
4851,22307,5
5292,22307,1
9925,22307,3
8993,22307,1
3602,22307,2
9322,22307,2
7046,22307,4
8844,22307,5
4388,22307,5
7855,22307,1
7130,22308,4
5782,22308,3
8192,22308,2
4826,22308,3
9649,22308,1
9998,22308,2
9638,22308,4
4493,22308,2
1939,22308,4
3936,22308,5
3314,22308,4
7971,22308,3
6233,22308,1
2808,22308,2
3634,22308,5
8316,22308,5
1069,22308,2
7605,22308,3
3929,22308,1
8803,22308,4
11,22309,2
9099,22309,2
9307,22309,3
658,22309,3
5618,22309,2
1297,22309,1
5113,22309,2
5838,22309,1
4155,22309,2
6811,22309,5
1490,22309,1
1614,22309,4
9699,22309,3
2855,22309,3
9271,22309,1
5129,22309,4
4762,22309,2
4965,22309,4
3296,22309,2
4636,22309,2
5191,22403,4
4754,22403,2
5644,22403,2
5729,22403,1
4323,22403,2
5873,22403,3
1637,22403,5
1727,22403,5
6189,22403,4
8684,22403,4
9930,22403,2
9189,22403,2
2473,22403,4
8185,22403,5
3860,22403,4
6520,22403,2
8005,22403,4
1403,22403,4
8300,22403,4
1809,22403,2
5849,22516,2
6748,22516,3
2451,22516,2
6508,22516,3
1775,22516,2
3086,22516,5
4344,22516,5
3649,22516,4
8823,22516,3
345,22516,4
7947,22516,4
7550,22516,2
7321,22516,1
1548,22516,1
286,22516,2
3871,22516,3
2265,22516,3
3413,22516,4
6358,22516,5
6540,22516,1
7073,22599,5
357,22599,1
5416,22599,4
7461,22599,3
7605,22599,1
9503,22599,1
6214,22599,5
3955,22599,2
5586,22599,5
6290,22599,1
2659,22599,4
2856,22599,1
1621,22599,1
9182,22599,1
6015,22599,1
9849,22599,4
339,22599,3
953,22599,2
3781,22599,3
7579,22599,1
9522,22600,5
3847,22600,1
1833,22600,2
7450,22600,2
8416,22600,1
6944,22600,5
8576,22600,2
488,22600,4
906,22600,4
1603,22600,1
3660,22600,3
4367,22600,3
143,22600,3
2233,22600,4
7875,22600,5
171,22600,5
7086,22600,1
365,22600,4
2141,22600,5
9607,22600,2
7582,22601,4
2153,22601,4
5731,22601,5
981,22601,4
992,22601,4
8281,22601,1
2255,22601,2
6333,22601,2
1970,22601,1
4144,22601,5
6660,22601,2
973,22601,2
2940,22601,5
501,22601,2
3037,22601,2
1235,22601,1
200,22601,2
3913,22601,5
7617,22601,4
4439,22601,4
2364,22602,4
7607,22602,3
6800,22602,2
5515,22602,1
2259,22602,4
4847,22602,1
1165,22602,5
4041,22602,1
1622,22602,2
84,22602,2
4548,22602,1
7750,22602,1
3900,22602,2
5035,22602,1
2254,22602,2
825,22602,3
9502,22602,2
655,22602,2
8915,22602,1
7030,22602,3
4316,22603,2
726,22603,3
571,22603,4
3414,22603,3
831,22603,4
4763,22603,2
8290,22603,3
1036,22603,2
7613,22603,5
3754,22603,2
1500,22603,2
832,22603,1
5572,22603,2
474,22603,5
168,22603,1
9080,22603,5
7309,22603,2
9944,22603,2
9485,22603,3
6763,22603,5
7098,22604,4
9501,22604,2
1584,22604,1
409,22604,5
8463,22604,1
7657,22604,2
4300,22604,3
8865,22604,4
1444,22604,4
3081,22604,3
1825,22604,2
1982,22604,4
9127,22604,4
1979,22604,4
3546,22604,4
5751,22604,1
8622,22604,1
7897,22604,3
8533,22604,5
7801,22604,4
6660,22738,4
2717,22738,4
3780,22738,2
7824,22738,4
5726,22738,4
8835,22738,1
2427,22738,1
4940,22738,1
7836,22738,4
2220,22738,2
4150,22738,2
9776,22738,1
2677,22738,1
3178,22738,3
8799,22738,4
7321,22738,4
2272,22738,4
8374,22738,3
9940,22738,3
7446,22738,5
8454,22739,1
4132,22739,3
9672,22739,1
8108,22739,5
3995,22739,3
1511,22739,1
2759,22739,1
3411,22739,5
8087,22739,1
1452,22739,4
1518,22739,4
4053,22739,3
1095,22739,3
649,22739,2
8020,22739,4
3903,22739,5
5211,22739,5
5585,22739,3
8970,22739,1
2173,22739,2
9021,22740,3
2891,22740,1
3323,22740,3
526,22740,3
7123,22740,4
284,22740,3
7143,22740,2
7976,22740,5
788,22740,4
5512,22740,4
7756,22740,4
5464,22740,5
5688,22740,3
8324,22740,1
5755,22740,2
8903,22740,4
4839,22740,1
8627,22740,4
6022,22740,2
476,22740,3
898,22741,1
4000,22741,3
202,22741,5
9445,22741,2
4956,22741,1
5554,22741,3
3119,22741,4
9296,22741,4
8976,22741,5
2523,22741,3
1251,22741,5
9689,22741,5
3661,22741,1
9218,22741,2
1779,22741,2
9705,22741,5
2133,22741,5
8648,22741,2
2909,22741,5
5317,22741,4
9664,22742,4
7513,22742,2
5735,22742,3
6840,22742,2
9266,22742,4
3454,22742,3
1109,22742,3
4567,22742,5
847,22742,2
6126,22742,1
9624,22742,1
4376,22742,3
2690,22742,5
5396,22742,4
6846,22742,4
3252,22742,3
7360,22742,5
6780,22742,5
9821,22742,1
3247,22742,3
5467,22743,2
5009,22743,3
5157,22743,5
3919,22743,1
3214,22743,4
734,22743,5
4201,22743,1
7271,22743,1
8322,22743,1
7953,22743,2
2133,22743,4
6934,22743,4
4988,22743,2
8165,22743,4
2768,22743,2
740,22743,5
7255,22743,1
1918,22743,2
5778,22743,3
6044,22743,3
6281,22895,3
1207,22895,2
6252,22895,5
7950,22895,2
1633,22895,2
7941,22895,1
9350,22895,5
4161,22895,1
7439,22895,1
6169,22895,3
7235,22895,1
9517,22895,5
6713,22895,2
385,22895,3
958,22895,3
5837,22895,5
9150,22895,5
6837,22895,1
628,22895,5
2258,22895,4
8995,22896,5
269,22896,4
1949,22896,3
2748,22896,3
5028,22896,2
4225,22896,1
7296,22896,1
6565,22896,4
7686,22896,5
6170,22896,2
1259,22896,3
2705,22896,1
1707,22896,2
4377,22896,2
1941,22896,1
8813,22896,4
3356,22896,1
4953,22896,1
5354,22896,2
9000,22896,2
816,22897,1
4437,22897,3
4597,22897,3
9124,22897,2
8548,22897,5
5691,22897,1
6520,22897,2
266,22897,2
3454,22897,2
4289,22897,3
8735,22897,2
6916,22897,2
324,22897,5
1173,22897,5
8216,22897,2
4036,22897,3
101,22897,4
8730,22897,4
3312,22897,5
6902,22897,1
7391,22898,4
6633,22898,1
484,22898,2
2532,22898,1
7673,22898,2
424,22898,1
5626,22898,4
2136,22898,5
7697,22898,3
2839,22898,5
6811,22898,3
2116,22898,3
3611,22898,5
519,22898,2
274,22898,4
2889,22898,1
3809,22898,3
685,22898,2
2840,22898,5
1637,22898,1
6659,22899,3
9193,22899,2
8914,22899,4
6506,22899,5
2298,22899,5
7527,22899,4
9032,22899,3
7167,22899,2
5389,22899,3
4528,22899,5
3279,22899,2
3895,22899,5
6946,22899,2
538,22899,4
3758,22899,1
4339,22899,3
3413,22899,4
1055,22899,3
1114,22899,4
8141,22899,4
5374,23039,3
773,23039,1
2317,23039,5
4581,23039,5
8925,23039,1
2412,23039,4
4526,23039,1
8945,23039,2
4232,23039,4
6948,23039,3
8128,23039,2
897,23039,2
7030,23039,1
7677,23039,2
9271,23039,5
3447,23039,4
2138,23039,1
3054,23039,1
8493,23039,4
8283,23039,1
3875,23040,5
4494,23040,3
1441,23040,2
2748,23040,5
6155,23040,1
1728,23040,1
1869,23040,3
889,23040,1
6484,23040,1
3723,23040,5
5420,23040,4
1979,23040,2
8245,23040,1
7588,23040,5
2630,23040,2
5552,23040,2
9146,23040,4
1904,23040,4
1775,23040,1
2981,23040,3
1004,23041,2
1136,23041,5
5749,23041,1
1146,23041,1
4955,23041,2
2927,23041,2
2692,23041,3
5074,23041,3
5843,23041,4
3727,23041,2
2180,23041,2
229,23041,4
3594,23041,2
2250,23041,5
4533,23041,4
5433,23041,5
5086,23041,5
923,23041,3
3205,23041,3
2182,23041,5
1578,23042,5
8519,23042,3
5840,23042,4
5391,23042,4
9595,23042,5
903,23042,1
8689,23042,5
4322,23042,3
8512,23042,2
245,23042,2
1631,23042,2
1062,23042,4
9142,23042,2
5393,23042,2
2938,23042,5
478,23042,1
8135,23042,5
2945,23042,2
7295,23042,4
7552,23042,3
8468,23043,4
8928,23043,4
2530,23043,4
7859,23043,4
181,23043,1
1322,23043,3
5862,23043,4
3870,23043,4
9859,23043,3
4553,23043,1
8056,23043,4
5842,23043,4
3274,23043,2
5355,23043,4
5833,23043,4
3987,23043,4
3174,23043,2
6589,23043,2
8244,23043,3
1982,23043,5
3405,23044,4
1685,23044,1
4814,23044,4
193,23044,4
5013,23044,4
6174,23044,1
8426,23044,1
9686,23044,2
1598,23044,4
1233,23044,5
8374,23044,4
4498,23044,3
8419,23044,4
3025,23044,1
5751,23044,5
9492,23044,3
3579,23044,5
1998,23044,5
5470,23044,1
8215,23044,4
1630,23045,2
4560,23045,3
6734,23045,5
9329,23045,5
4468,23045,1
2414,23045,1
7382,23045,2
1350,23045,1
5110,23045,5
6828,23045,3
420,23045,5
757,23045,3
212,23045,2
8216,23045,2
5342,23045,2
2815,23045,1
8282,23045,1
4324,23045,1
1413,23045,3
6591,23045,3
78,23046,4
1549,23046,2
4351,23046,2
6265,23046,3
1868,23046,2
2498,23046,1
798,23046,3
6852,23046,2
1395,23046,3
3486,23046,2
6434,23046,1
8665,23046,1
3058,23046,2
1035,23046,2
56,23046,2
48,23046,4
9910,23046,5
2196,23046,4
5451,23046,5
9640,23046,1
6249,23047,5
6768,23047,5
7113,23047,5
7094,23047,5
3858,23047,3
9128,23047,4
4641,23047,3
283,23047,2
4273,23047,3
7947,23047,4
1098,23047,1
3742,23047,1
882,23047,4
7150,23047,2
3804,23047,4
5428,23047,5
3010,23047,2
4804,23047,4
4191,23047,2
3877,23047,1
3568,23246,4
7521,23246,1
810,23246,2
1383,23246,3
8535,23246,2
2732,23246,2
3139,23246,2
7002,23246,2
7601,23246,5
5007,23246,1
9695,23246,1
5922,23246,1
3183,23246,5
2756,23246,5
2603,23246,2
3721,23246,2
5411,23246,2
3626,23246,4
491,23246,5
344,23246,4
2763,23247,4
9173,23247,1
3764,23247,1
9686,23247,4
3699,23247,4
4722,23247,2
4347,23247,1
7839,23247,5
5367,23247,4
6938,23247,1
5265,23247,5
8127,23247,2
2100,23247,1
8754,23247,4
5287,23247,3
5687,23247,2
1477,23247,3
4240,23247,3
9059,23247,1
1402,23247,2
419,23248,5
3015,23248,3
9094,23248,2
655,23248,1
9169,23248,2
3261,23248,1
3983,23248,5
2252,23248,1
9976,23248,1
386,23248,1
695,23248,3
2882,23248,1
9102,23248,5
9326,23248,5
7824,23248,1
5230,23248,3
4,23248,2
7262,23248,3
4870,23248,4
9109,23248,4
1798,23249,3
1295,23249,3
5871,23249,1
3609,23249,4
802,23249,4
1446,23249,2
3221,23249,2
519,23249,4
187,23249,1
2126,23249,4
5200,23249,1
9671,23249,2
9089,23249,5
6182,23249,3
9874,23249,1
8701,23249,1
9732,23249,4
500,23249,1
5031,23249,3
1626,23249,1
4462,23362,4
5933,23362,5
391,23362,2
5260,23362,2
9163,23362,5
5036,23362,2
1586,23362,5
2017,23362,4
3465,23362,2
8364,23362,4
7889,23362,4
1982,23362,3
5800,23362,3
4800,23362,3
8749,23362,5
6660,23362,2
1895,23362,5
6024,23362,1
2339,23362,4
1588,23362,3
7734,23363,1
880,23363,1
4577,23363,3
8568,23363,5
2807,23363,3
4441,23363,3
4904,23363,1
9917,23363,4
7720,23363,1
4248,23363,3
9864,23363,1
6169,23363,4
2206,23363,3
7972,23363,4
3202,23363,3
756,23363,1
2925,23363,3
1415,23363,3
4618,23363,3
6890,23363,5
8833,23364,1
8829,23364,4
9577,23364,2
177,23364,2
8845,23364,5
4281,23364,2
1364,23364,5
1897,23364,4
7758,23364,2
1939,23364,1
8577,23364,4
3856,23364,1
6590,23364,1
4978,23364,1
9046,23364,4
7244,23364,3
2423,23364,4
2462,23364,2
9859,23364,5
7650,23364,2
3986,23365,1
4028,23365,2
1222,23365,4
8605,23365,1
9074,23365,3
5580,23365,5
9728,23365,1
346,23365,5
322,23365,3
640,23365,2
5371,23365,4
7158,23365,4
591,23365,3
2071,23365,5
6766,23365,2
3102,23365,5
1799,23365,2
677,23365,5
2501,23365,5
9268,23365,3
5770,23366,3
9621,23366,1
4412,23366,5
3307,23366,1
2706,23366,4
5270,23366,3
1990,23366,1
9974,23366,2
5082,23366,3
2994,23366,3
4803,23366,2
3270,23366,2
3768,23366,5
6138,23366,5
3752,23366,3
4176,23366,5
9239,23366,2
8585,23366,1
4626,23366,1
7328,23366,3
8171,23367,5
5127,23367,1
289,23367,1
2885,23367,4
6179,23367,1
5568,23367,5
6674,23367,3
8137,23367,2
1287,23367,2
774,23367,3
1612,23367,3
1641,23367,1
9974,23367,1
9707,23367,1
9958,23367,2
5024,23367,3
466,23367,1
5179,23367,1
300,23367,1
4956,23367,4
7194,23437,4
1591,23437,3
4491,23437,5
4818,23437,5
2771,23437,1
9685,23437,4
4225,23437,3
9732,23437,5
6370,23437,5
7512,23437,2
4032,23437,4
2859,23437,5
9389,23437,1
6657,23437,4
6807,23437,1
2211,23437,1
2496,23437,2
4141,23437,2
6202,23437,4
1318,23437,4
6122,23561,1
636,23561,3
3752,23561,2
213,23561,1
5592,23561,5
9621,23561,5
4679,23561,1
1386,23561,3
5973,23561,4
3288,23561,5
2038,23561,2
8905,23561,3
3256,23561,5
4783,23561,2
7328,23561,5
7955,23561,4
24,23561,2
8079,23561,4
7926,23561,3
2459,23561,4
8722,23562,3
2789,23562,1
9419,23562,4
9034,23562,1
7588,23562,4
64,23562,5
2512,23562,1
5302,23562,3
3289,23562,1
617,23562,4
3786,23562,4
8154,23562,3
2601,23562,5
641,23562,5
5736,23562,1
1289,23562,2
2938,23562,3
2941,23562,5
7777,23562,3
6498,23562,5
2430,23563,4
2145,23563,4
9516,23563,1
9914,23563,1
3788,23563,3
2458,23563,1
2996,23563,5
97,23563,1
4511,23563,1
9051,23563,4
5963,23563,1
3814,23563,3
842,23563,1
2727,23563,5
9934,23563,2
7037,23563,1
6913,23563,3
7082,23563,3
7226,23563,2
7003,23563,2
1352,23564,2
1100,23564,1
7835,23564,3
2792,23564,1
3269,23564,5
7154,23564,2
8406,23564,3
6874,23564,2
3196,23564,5
7774,23564,1
7274,23564,4
2498,23564,2
1899,23564,3
2152,23564,1
8090,23564,2
4681,23564,2
685,23564,4
3577,23564,1
9239,23564,2
1650,23564,5
3321,23565,1
3805,23565,3
4100,23565,5
9630,23565,1
8412,23565,2
9655,23565,2
2854,23565,1
7553,23565,5
4815,23565,5
5316,23565,3
4471,23565,5
140,23565,2
5352,23565,2
4058,23565,1
1204,23565,4
3799,23565,3
7252,23565,4
3048,23565,1
2206,23565,4
72,23565,5
757,23566,5
2700,23566,2
326,23566,1
5823,23566,1
1806,23566,4
8993,23566,1
5156,23566,3
6958,23566,4
2129,23566,4
8376,23566,5
2705,23566,1
5281,23566,3
9572,23566,1
3550,23566,3
9182,23566,2
2693,23566,2
7626,23566,4
5153,23566,4
4066,23566,4
1713,23566,4
9468,23726,5
1600,23726,4
6190,23726,1
9279,23726,3
3235,23726,5
4687,23726,4
2305,23726,5
6980,23726,4
8467,23726,2
8914,23726,2
6349,23726,3
6361,23726,5
3943,23726,3
7305,23726,2
1028,23726,4
8170,23726,4
2422,23726,1
3430,23726,4
9218,23726,3
1053,23726,5
6707,23727,1
1204,23727,4
4740,23727,1
3511,23727,2
7370,23727,1
7891,23727,3
6035,23727,1
4433,23727,3
4928,23727,2
9116,23727,4
5647,23727,2
7244,23727,5
8407,23727,5
5147,23727,4
575,23727,4
1375,23727,5
9017,23727,3
8937,23727,2
9903,23727,5
8534,23727,1
7352,23728,1
4290,23728,1
840,23728,3
354,23728,4
3007,23728,2
7008,23728,4
7146,23728,1
7677,23728,1
9312,23728,4
9566,23728,1
6933,23728,5
7533,23728,4
7212,23728,4
2388,23728,4
9268,23728,5
495,23728,2
6898,23728,1
2056,23728,2
5638,23728,2
1247,23728,2
7486,23729,1
8150,23729,2
4514,23729,3
8339,23729,3
8906,23729,1
6355,23729,3
624,23729,3
6672,23729,1
8435,23729,3
5126,23729,1
6574,23729,3
9880,23729,5
7042,23729,2
768,23729,5
2894,23729,1
4086,23729,1
97,23729,3
4315,23729,3
7831,23729,4
6436,23729,4
8647,23730,4
9928,23730,1
1618,23730,5
7151,23730,1
385,23730,4
6893,23730,5
215,23730,2
3945,23730,5
9788,23730,3
7005,23730,2
5700,23730,4
3052,23730,5
3993,23730,4
3996,23730,3
5118,23730,3
5332,23730,5
5905,23730,5
6705,23730,2
4293,23730,4
1488,23730,5
4818,23860,5
7241,23860,5
7069,23860,3
7238,23860,5
5781,23860,1
6282,23860,1
6058,23860,1
585,23860,4
6519,23860,4
1525,23860,5
4532,23860,3
8028,23860,5
9223,23860,2
3594,23860,3
8585,23860,4
162,23860,5
2873,23860,1
6656,23860,2
8907,23860,4
6516,23860,4
562,23861,2
889,23861,5
7844,23861,2
3425,23861,1
5502,23861,5
7141,23861,4
6284,23861,5
5549,23861,5
2327,23861,2
6199,23861,3
7236,23861,5
735,23861,3
5142,23861,4
1145,23861,4
4616,23861,4
2823,23861,3
2881,23861,3
3482,23861,1
9461,23861,1
4492,23861,2
3582,23862,2
2186,23862,2
8709,23862,2
3682,23862,3
7259,23862,3
8743,23862,4
8705,23862,2
9301,23862,1
8764,23862,5
886,23862,4
2219,23862,5
2255,23862,3
3789,23862,5
3750,23862,2
3607,23862,4
6693,23862,3
8760,23862,4
6809,23862,4
1723,23862,4
7138,23862,1
3948,23962,2
720,23962,2
7110,23962,3
4249,23962,5
7299,23962,3
9285,23962,5
3174,23962,3
9587,23962,3
2828,23962,5
7342,23962,2
4156,23962,2
3168,23962,2
260,23962,3
4138,23962,1
760,23962,2
5814,23962,3
2620,23962,3
5145,23962,1
5736,23962,5
1203,23962,5
6532,24025,3
784,24025,4
6127,24025,4
1393,24025,1
7662,24025,3
9815,24025,2
4918,24025,1
7552,24025,2
8705,24025,5
1113,24025,5
9467,24025,3
4931,24025,3
1949,24025,3
1720,24025,4
2726,24025,5
6586,24025,3
3562,24025,2
7208,24025,1
7009,24025,1
6085,24025,3
8862,24026,3
408,24026,5
6071,24026,5
552,24026,1
3903,24026,5
2801,24026,5
6482,24026,4
6133,24026,1
6664,24026,5
5635,24026,1
4919,24026,1
7562,24026,3
3281,24026,2
6437,24026,4
9910,24026,4
4017,24026,4
8966,24026,3
2325,24026,5
889,24026,3
1243,24026,2
5975,24027,1
8028,24027,1
2445,24027,2
6729,24027,5
9742,24027,3
4760,24027,1
3257,24027,4
4431,24027,2
8604,24027,4
2011,24027,3
9127,24027,3
2195,24027,2
9198,24027,5
794,24027,1
778,24027,1
4579,24027,5
3335,24027,3
7362,24027,3
547,24027,4
4283,24027,4
9976,24115,1
6288,24115,5
5445,24115,1
3618,24115,4
7041,24115,5
8051,24115,1
5621,24115,5
3226,24115,2
6313,24115,5
6542,24115,5
5958,24115,5
9405,24115,4
4232,24115,2
9535,24115,1
3812,24115,3
887,24115,3
3073,24115,1
2016,24115,1
3748,24115,4
385,24115,4
2042,24116,4
5734,24116,1
7457,24116,3
5985,24116,5
8395,24116,1
3429,24116,2
9226,24116,2
4207,24116,1
2930,24116,4
4268,24116,2
6613,24116,3
3563,24116,5
6743,24116,2
43,24116,2
2172,24116,1
9350,24116,5
1736,24116,2
2090,24116,3
2488,24116,1
7852,24116,3
6168,24117,5
6572,24117,5
1242,24117,1
7228,24117,5
9488,24117,5
3510,24117,1
3292,24117,5
7238,24117,4
3680,24117,3
6114,24117,4
836,24117,3
1187,24117,3
5143,24117,4
1266,24117,1
5353,24117,4
6936,24117,1
3737,24117,3
3299,24117,1
1278,24117,1
2359,24117,4
5514,24118,3
8434,24118,4
1306,24118,3
1107,24118,4
5506,24118,1
7005,24118,4
7720,24118,2
6043,24118,2
4627,24118,4
53,24118,1
2702,24118,2
9308,24118,1
7958,24118,1
3130,24118,2
7035,24118,5
7059,24118,4
6602,24118,4
6800,24118,1
8492,24118,3
2721,24118,1
8857,24119,4
2718,24119,1
7686,24119,2
9028,24119,1
7570,24119,4
3081,24119,5
8408,24119,4
4744,24119,3
2620,24119,1
6910,24119,5
7596,24119,1
4797,24119,2
7049,24119,2
8442,24119,4
6975,24119,5
5203,24119,5
5106,24119,2
5602,24119,1
5877,24119,1
1937,24119,3
4464,24120,4
3543,24120,1
6204,24120,2
9601,24120,3
9952,24120,2
3540,24120,5
6372,24120,1
9600,24120,4
8149,24120,4
4254,24120,2
2983,24120,2
8131,24120,4
8204,24120,1
4884,24120,4
9674,24120,5
1702,24120,2
227,24120,4
4472,24120,2
7331,24120,1
211,24120,2
9596,24121,1
8839,24121,1
6477,24121,2
9635,24121,3
7702,24121,2
1481,24121,2
397,24121,4
9645,24121,5
5497,24121,1
9401,24121,1
7556,24121,2
3490,24121,4
4462,24121,2
808,24121,4
3335,24121,5
8939,24121,2
3149,24121,4
2202,24121,2
3060,24121,4
2149,24121,1
8234,24197,2
6185,24197,3
2896,24197,2
4701,24197,5
5405,24197,1
1425,24197,3
6234,24197,2
6693,24197,5
1810,24197,1
412,24197,3
8419,24197,4
804,24197,4
2488,24197,2
6333,24197,5
6859,24197,3
593,24197,4
5493,24197,5
3151,24197,1
3959,24197,2
5018,24197,2
4984,24311,4
1685,24311,2
8670,24311,3
231,24311,5
4112,24311,3
7258,24311,4
173,24311,4
9942,24311,5
9203,24311,4
7616,24311,4
7923,24311,1
4459,24311,1
4483,24311,2
5983,24311,3
2017,24311,5
808,24311,2
1657,24311,2
5872,24311,4
7245,24311,4
3747,24311,1
7123,24312,5
9037,24312,3
7600,24312,5
2129,24312,2
9214,24312,2
8205,24312,1
5745,24312,3
1659,24312,4
1367,24312,4
8490,24312,5
7109,24312,4
9479,24312,1
8303,24312,5
8113,24312,4
380,24312,3
6069,24312,5
9615,24312,5
5314,24312,5
1332,24312,1
1230,24312,1
8474,24313,3
3107,24313,4
2744,24313,1
6510,24313,3
1818,24313,1
4344,24313,1
6685,24313,5
8884,24313,4
8316,24313,4
9897,24313,4
1841,24313,2
3568,24313,3
2378,24313,1
1341,24313,5
3691,24313,2
2055,24313,5
3524,24313,1
3427,24313,1
5306,24313,2
4795,24313,3
5233,24388,4
5668,24388,5
3236,24388,5
1769,24388,3
4546,24388,3
3051,24388,4
3449,24388,2
8156,24388,4
231,24388,3
421,24388,1
795,24388,4
5692,24388,4
5993,24388,2
8916,24388,2
9293,24388,2
6911,24388,3
7569,24388,1
7112,24388,5
3161,24388,5
6506,24388,4
2055,24389,4
4062,24389,2
1273,24389,2
9559,24389,5
184,24389,2
5545,24389,4
7218,24389,2
6022,24389,3
3686,24389,5
7425,24389,4
8096,24389,1
8704,24389,3
7293,24389,2
3443,24389,2
1588,24389,3
6776,24389,2
4881,24389,2
5493,24389,4
2460,24389,2
844,24389,2
4669,24390,2
3889,24390,2
4696,24390,2
1578,24390,3
5550,24390,2
1318,24390,2
6523,24390,1
118,24390,2
223,24390,1
4995,24390,1
2123,24390,4
7304,24390,3
9099,24390,1
3030,24390,2
4402,24390,1
123,24390,5
8892,24390,4
2402,24390,3
8458,24390,2
3900,24390,3
9940,24391,2
772,24391,5
1879,24391,4
2316,24391,3
9156,24391,3
639,24391,3
4534,24391,3
2147,24391,3
9049,24391,2
7379,24391,1
264,24391,5
1938,24391,3
9044,24391,3
1716,24391,4
6114,24391,1
1265,24391,1
6844,24391,1
7424,24391,4
9655,24391,4
3310,24391,5
8530,24392,1
3876,24392,4
507,24392,1
8494,24392,5
313,24392,4
6403,24392,2
6055,24392,1
3456,24392,4
3761,24392,1
7412,24392,4
1447,24392,5
7552,24392,3
4172,24392,1
9537,24392,2
7800,24392,4
7656,24392,3
9501,24392,4
2639,24392,1
8745,24392,5
2048,24392,3
2382,24476,3
3236,24476,2
8722,24476,5
6995,24476,4
2473,24476,2
3681,24476,1
1357,24476,1
6898,24476,3
1986,24476,1
8284,24476,4
571,24476,3
3213,24476,1
6102,24476,5
7305,24476,3
7391,24476,1
8165,24476,4
1826,24476,1
6386,24476,4
4894,24476,2
2012,24476,1
6135,24548,2
7991,24548,2
5877,24548,3
8339,24548,5
1272,24548,4
8001,24548,5
179,24548,2
2730,24548,2
8548,24548,1
7826,24548,4
5369,24548,4
2149,24548,2
8755,24548,4
5853,24548,4
2150,24548,1
2277,24548,5
9962,24548,5
8459,24548,5
9515,24548,4
3491,24548,3
119,24549,1
3459,24549,2
4055,24549,3
5904,24549,4
7445,24549,4
4517,24549,4
3415,24549,1
1083,24549,2
5328,24549,5
1947,24549,3
7306,24549,5
5384,24549,4
2250,24549,5
5716,24549,2
9067,24549,2
4682,24549,3
1136,24549,3
4880,24549,5
7584,24549,2
9047,24549,3
6157,24550,2
9949,24550,5
6209,24550,2
9376,24550,4
682,24550,3
9414,24550,3
2801,24550,3
3810,24550,5
9693,24550,1
8432,24550,1
9815,24550,1
6664,24550,2
6935,24550,5
8261,24550,1
9980,24550,1
2092,24550,5
4537,24550,2
8930,24550,3
846,24550,5
787,24550,3
4791,24551,4
6392,24551,2
2699,24551,5
9288,24551,1
8167,24551,3
1305,24551,2
210,24551,2
8142,24551,4
4101,24551,1
4875,24551,5
7673,24551,1
400,24551,3
4238,24551,5
6023,24551,2
7981,24551,5
3944,24551,5
3575,24551,5
1525,24551,4
7977,24551,3
7072,24551,1
2862,24552,5
2663,24552,4
713,24552,4
6619,24552,5
8585,24552,3
8715,24552,2
9433,24552,5
5701,24552,1
9086,24552,2
1301,24552,5
4410,24552,1
3361,24552,1
3953,24552,1
5133,24552,2
6491,24552,1
876,24552,5
7764,24552,3
3110,24552,1
7844,24552,1
1392,24552,5
4715,24553,1
7600,24553,3
899,24553,5
452,24553,1
8960,24553,1
735,24553,1
2883,24553,5
1745,24553,3
7511,24553,4
6017,24553,4
2052,24553,1
4500,24553,5
9699,24553,1
7386,24553,1
5273,24553,4
7955,24553,4
42,24553,3
5133,24553,5
5754,24553,1
3362,24553,3
3266,24554,5
822,24554,2
9306,24554,5
2560,24554,3
3468,24554,1
5543,24554,2
9303,24554,1
3908,24554,5
2997,24554,1
9272,24554,1
870,24554,1
6678,24554,2
2868,24554,2
6320,24554,2
6038,24554,4
1607,24554,2
4692,24554,2
9066,24554,5
3787,24554,4
5576,24554,3
9947,24656,1
4528,24656,1
1023,24656,3
4946,24656,2
8267,24656,1
5104,24656,1
9550,24656,3
4416,24656,2
7232,24656,4
6793,24656,1
3002,24656,4
4632,24656,3
52,24656,2
2955,24656,1
9006,24656,3
4026,24656,1
1867,24656,1
6574,24656,3
3719,24656,1
161,24656,5
3742,24657,2
7882,24657,4
9658,24657,2
5265,24657,1
4046,24657,3
587,24657,5
5857,24657,1
9648,24657,5
5426,24657,3
5185,24657,2
7877,24657,1
917,24657,2
8423,24657,5
7605,24657,5
3896,24657,2
1665,24657,1
693,24657,2
6382,24657,2
8952,24657,3
5025,24657,5
8907,24658,1
4086,24658,4
5407,24658,5
7091,24658,2
6959,24658,4
288,24658,3
7912,24658,3
9051,24658,1
1977,24658,2
8646,24658,1
1350,24658,5
8211,24658,3
1920,24658,4
7516,24658,5
5997,24658,1
4167,24658,1
4816,24658,3
2825,24658,1
2627,24658,4
7084,24658,5
2590,24659,4
6879,24659,5
9000,24659,4
1032,24659,4
1798,24659,2
598,24659,4
2063,24659,5
6116,24659,3
7530,24659,2
8945,24659,5
8306,24659,4
7347,24659,2
6724,24659,5
5224,24659,2
4059,24659,3
5656,24659,1
9790,24659,1
4815,24659,3
7301,24659,3
4357,24659,3
1406,24660,2
2733,24660,3
6742,24660,3
5145,24660,1
9822,24660,5
765,24660,3
1635,24660,4
6685,24660,3
1122,24660,5
5203,24660,4
8993,24660,4
2395,24660,2
4887,24660,1
146,24660,4
9338,24660,5
3789,24660,5
7576,24660,3
5902,24660,3
6813,24660,3
5793,24660,2
7727,24661,4
3351,24661,4
1960,24661,1
6806,24661,2
6595,24661,1
336,24661,4
4897,24661,2
8446,24661,3
4769,24661,5
4989,24661,1
5113,24661,1
5877,24661,3
5300,24661,2
4824,24661,2
5944,24661,2
2508,24661,2
8050,24661,1
2627,24661,3
7437,24661,5
855,24661,3
3591,24662,4
5944,24662,1
6464,24662,5
6809,24662,3
3391,24662,2
4212,24662,1
5924,24662,2
6370,24662,5
7267,24662,2
815,24662,3
5948,24662,3
3093,24662,4
6894,24662,2
993,24662,5
5471,24662,1
3969,24662,5
3397,24662,5
1552,24662,2
857,24662,4
7958,24662,5
1833,24780,4
9894,24780,3
9289,24780,5
9097,24780,4
2529,24780,4
6705,24780,3
9709,24780,2
3579,24780,3
6364,24780,2
1203,24780,1
114,24780,4
3194,24780,4
5610,24780,2
5141,24780,5
2932,24780,5
6892,24780,4
6605,24780,3
4087,24780,5
9471,24780,1
945,24780,4
2371,24781,4
729,24781,5
1111,24781,4
1015,24781,1
7219,24781,1
8009,24781,3
8113,24781,4
1395,24781,1
1391,24781,1
4753,24781,4
4590,24781,2
4929,24781,4
9728,24781,4
8075,24781,2
6484,24781,5
1545,24781,3
4393,24781,5
2940,24781,2
8017,24781,4
1340,24781,3
7974,24942,4
9004,24942,4
5820,24942,4
208,24942,5
8594,24942,4
5462,24942,1
1122,24942,5
7774,24942,1
1254,24942,4
2496,24942,3
3611,24942,5
6967,24942,3
5538,24942,3
194,24942,1
2821,24942,5
3765,24942,2
1841,24942,5
4822,24942,5
3271,24942,1
5919,24942,3
1410,24943,3
2286,24943,3
1512,24943,3
9295,24943,5
8066,24943,1
5076,24943,1
1076,24943,3
2525,24943,3
5287,24943,5
9819,24943,4
4075,24943,1
5878,24943,5
7664,24943,1
783,24943,1
3184,24943,1
3354,24943,4
1947,24943,3
6108,24943,2
244,24943,5
2622,24943,4
1237,25124,3
2861,25124,4
3465,25124,1
3353,25124,5
8007,25124,5
4497,25124,5
7880,25124,1
7206,25124,1
6110,25124,4
3824,25124,2
1049,25124,2
9946,25124,5
8694,25124,5
8453,25124,2
6083,25124,3
626,25124,4
8415,25124,5
9531,25124,2
9753,25124,4
1187,25124,5
5230,25125,2
504,25125,4
9948,25125,2
7758,25125,1
3843,25125,4
8041,25125,1
5738,25125,4
5259,25125,1
7525,25125,4
349,25125,3
6652,25125,3
1075,25125,2
3696,25125,5
4676,25125,2
3325,25125,2
2847,25125,5
978,25125,3
9686,25125,3
3657,25125,3
145,25125,4
6100,25256,4
8620,25256,5
9109,25256,1
6853,25256,5
6791,25256,3
3926,25256,5
4910,25256,4
3852,25256,4
2699,25256,4
9748,25256,5
7451,25256,4
5790,25256,1
4150,25256,2
1759,25256,3
6140,25256,4
1090,25256,4
726,25256,1
9224,25256,1
7197,25256,4
6497,25256,5
2775,25257,3
8892,25257,2
2977,25257,5
2946,25257,3
751,25257,2
2666,25257,1
4136,25257,4
9148,25257,3
254,25257,4
2604,25257,3
8457,25257,4
9183,25257,4
4087,25257,5
4970,25257,3
188,25257,5
1788,25257,3
4816,25257,3
9017,25257,1
8420,25257,2
7394,25257,1
3780,25258,2
1731,25258,5
7314,25258,5
2431,25258,4
7895,25258,5
30,25258,3
9440,25258,1
6663,25258,5
7867,25258,3
7254,25258,2
2991,25258,5
5975,25258,2
2469,25258,4
136,25258,4
9856,25258,2
3924,25258,3
8360,25258,1
7220,25258,5
216,25258,4
2550,25258,4
9862,25259,4
7218,25259,3
7129,25259,5
5126,25259,3
1114,25259,1
8786,25259,1
9315,25259,4
9298,25259,5
2309,25259,3
6126,25259,2
6713,25259,4
3151,25259,3
1824,25259,2
6147,25259,5
8474,25259,2
695,25259,1
9051,25259,4
1856,25259,4
5487,25259,2
5530,25259,4
9629,25260,1
6105,25260,5
6355,25260,2
7722,25260,2
7450,25260,1
7547,25260,2
6503,25260,2
9862,25260,3
4174,25260,4
139,25260,3
5036,25260,3
4632,25260,4
2625,25260,3
9565,25260,3
777,25260,3
5328,25260,5
573,25260,4
8105,25260,1
6263,25260,5
9826,25260,4
2182,25261,2
9392,25261,1
9202,25261,4
6533,25261,3
9824,25261,3
6761,25261,1
1610,25261,2
482,25261,2
377,25261,5
8872,25261,4
7743,25261,3
2148,25261,3
9274,25261,1
580,25261,2
6557,25261,4
7649,25261,4
7781,25261,5
5572,25261,3
2267,25261,3
8009,25261,3
8023,25262,2
7524,25262,1
1828,25262,2
9909,25262,2
7559,25262,1
5515,25262,1
1345,25262,3
7292,25262,2
3371,25262,1
3824,25262,2
5504,25262,2
4703,25262,3
9989,25262,3
2726,25262,4
2544,25262,1
8907,25262,3
4148,25262,5
6167,25262,5
2104,25262,1
224,25262,5
8725,25263,4
3451,25263,3
3138,25263,3
5665,25263,1
6288,25263,1
5151,25263,4
5759,25263,2
7013,25263,4
8761,25263,4
4199,25263,2
5745,25263,2
5425,25263,4
6587,25263,5
3670,25263,5
6877,25263,3
6328,25263,2
4979,25263,5
2688,25263,5
7256,25263,2
7458,25263,2
1527,25264,2
8361,25264,3
9499,25264,1
7779,25264,3
7565,25264,4
3285,25264,2
8810,25264,4
2355,25264,3
6599,25264,2
7743,25264,4
2239,25264,3
2856,25264,4
4325,25264,4
1143,25264,2
6160,25264,3
8900,25264,4
1689,25264,5
3579,25264,5
5233,25264,1
7049,25264,5
8023,25265,5
6131,25265,5
1241,25265,4
9084,25265,5
6116,25265,3
1449,25265,5
9299,25265,2
155,25265,5
6862,25265,5
4114,25265,5
9387,25265,3
2956,25265,2
104,25265,1
1788,25265,1
7136,25265,5
7582,25265,2
8711,25265,5
5822,25265,4
8821,25265,3
2325,25265,1
1993,25266,4
4978,25266,5
1329,25266,3
5532,25266,2
3166,25266,1
5909,25266,1
6373,25266,4
2309,25266,1
6278,25266,2
9913,25266,1
4487,25266,5
2235,25266,2
1716,25266,1
5136,25266,4
6413,25266,3
3103,25266,4
5256,25266,2
9220,25266,1
3468,25266,4
9277,25266,2
2802,25267,3
1856,25267,3
8958,25267,4
8070,25267,3
3000,25267,2
8320,25267,4
9400,25267,3
1371,25267,4
6459,25267,4
5298,25267,2
4113,25267,5
891,25267,5
7641,25267,5
5379,25267,3
2495,25267,2
5423,25267,1
5131,25267,5
2263,25267,5
8499,25267,4
3770,25267,3
4356,25412,3
7317,25412,5
6135,25412,2
9323,25412,1
9928,25412,2
6717,25412,5
6934,25412,2
2713,25412,2
5898,25412,2
6743,25412,2
9122,25412,2
755,25412,4
4047,25412,4
8754,25412,2
1008,25412,4
4666,25412,4
5658,25412,3
6209,25412,5
7250,25412,3
4277,25412,2
8303,25413,2
4200,25413,1
2430,25413,3
2682,25413,1
2079,25413,2
1425,25413,5
2906,25413,5
8951,25413,2
1462,25413,2
319,25413,2
2257,25413,4
3672,25413,4
7467,25413,1
9198,25413,1
8592,25413,5
4691,25413,3
7768,25413,4
5410,25413,5
9293,25413,4
1460,25413,4
9648,25530,5
1826,25530,4
1594,25530,3
9813,25530,4
4275,25530,2
3319,25530,3
9220,25530,5
6215,25530,4
1664,25530,1
2922,25530,2
3665,25530,4
2175,25530,4
7596,25530,4
4233,25530,1
6874,25530,2
6494,25530,3
8023,25530,3
280,25530,3
558,25530,5
1313,25530,4
7725,25531,2
4363,25531,4
417,25531,2
5928,25531,5
3655,25531,3
3983,25531,5
6498,25531,1
5548,25531,2
8895,25531,4
9847,25531,4
914,25531,3
3241,25531,2
8992,25531,5
5823,25531,3
180,25531,1
3921,25531,5
6613,25531,2
4932,25531,4
792,25531,5
5376,25531,5
1746,25532,2
8181,25532,4
7080,25532,3
4830,25532,1
4963,25532,5
7062,25532,4
7340,25532,2
611,25532,1
8774,25532,4
5000,25532,1
6762,25532,2
1371,25532,2
941,25532,5
7826,25532,5
2356,25532,1
4432,25532,1
7703,25532,5
5941,25532,2
775,25532,1
5463,25532,1
2129,25533,2
9235,25533,3
4233,25533,4
3485,25533,3
8631,25533,3
3694,25533,3
2611,25533,2
498,25533,3
1981,25533,3
6741,25533,3
1566,25533,3
5590,25533,4
1995,25533,3
824,25533,1
635,25533,3
6831,25533,5
440,25533,1
4421,25533,5
552,25533,3
760,25533,2
4339,25534,2
1642,25534,1
4765,25534,5
8438,25534,3
4986,25534,3
8732,25534,5
1811,25534,1
6844,25534,4
753,25534,1
1413,25534,1
7581,25534,4
8713,25534,5
7842,25534,4
2727,25534,4
38,25534,5
3607,25534,1
9248,25534,3
2755,25534,4
4959,25534,5
8535,25534,3
5033,25657,5
9145,25657,4
8242,25657,3
389,25657,4
2261,25657,5
9987,25657,2
1049,25657,4
5859,25657,1
9056,25657,2
9120,25657,4
5738,25657,1
7454,25657,4
4052,25657,5
2696,25657,4
3848,25657,2
1881,25657,5
6788,25657,3
4962,25657,3
6253,25657,5
5240,25657,1
1370,25658,2
6316,25658,5
1249,25658,4
55,25658,4
6955,25658,2
9946,25658,5
7719,25658,4
7701,25658,3
7743,25658,3
8874,25658,5
1108,25658,2
8240,25658,4
9327,25658,4
1537,25658,3
1567,25658,1
6715,25658,5
2269,25658,1
5663,25658,1
8081,25658,3
3511,25658,2
2962,25659,1
4940,25659,5
4461,25659,4
2290,25659,1
1341,25659,3
6694,25659,1
2733,25659,2
3581,25659,5
1497,25659,1
2011,25659,4
6012,25659,5
190,25659,1
7417,25659,1
8733,25659,2
6117,25659,3
5974,25659,2
9435,25659,4
4331,25659,4
2790,25659,1
1222,25659,1
2831,25660,5
6617,25660,2
2784,25660,1
7057,25660,3
3206,25660,1
1945,25660,3
6000,25660,3
7036,25660,2
3439,25660,5
7615,25660,2
8569,25660,2
326,25660,2
1168,25660,1
6863,25660,2
6119,25660,1
2725,25660,4
2421,25660,4
6400,25660,2
2094,25660,4
2645,25660,1
6285,25661,5
8437,25661,5
1658,25661,5
5621,25661,4
6669,25661,3
8008,25661,1
8099,25661,1
1032,25661,5
8468,25661,5
3094,25661,5
7226,25661,5
4517,25661,4
5571,25661,3
1987,25661,5
6967,25661,3
119,25661,1
4111,25661,5
7666,25661,4
6420,25661,1
3036,25661,2
2038,25662,4
8067,25662,2
7931,25662,1
6480,25662,2
1005,25662,4
1111,25662,5
5646,25662,2
487,25662,3
3519,25662,4
6041,25662,2
4202,25662,1
6392,25662,2
3985,25662,2
9021,25662,2
9223,25662,3
7079,25662,2
314,25662,1
9304,25662,1
5302,25662,4
8993,25662,2
4847,25663,3
7000,25663,2
253,25663,2
6959,25663,4
6075,25663,1
182,25663,5
7525,25663,4
6062,25663,1
1621,25663,2
868,25663,2
1806,25663,5
9891,25663,2
4931,25663,4
4076,25663,4
3123,25663,1
8480,25663,5
6636,25663,3
1413,25663,2
2498,25663,1
9864,25663,5
4635,25664,3
7566,25664,2
1282,25664,3
2115,25664,1
7085,25664,5
813,25664,1
8294,25664,3
9458,25664,5
9671,25664,3
8734,25664,5
5109,25664,4
2583,25664,2
3508,25664,4
7736,25664,1
7782,25664,3
3876,25664,3
3161,25664,2
5983,25664,3
2041,25664,1
1412,25664,2
231,25734,5
6317,25734,4
8302,25734,5
3615,25734,5
423,25734,4
9962,25734,5
1838,25734,3
6905,25734,3
1671,25734,5
8025,25734,3
7128,25734,4
9112,25734,4
4534,25734,2
1401,25734,2
9572,25734,1
7903,25734,1
6560,25734,1
197,25734,2
2004,25734,3
1195,25734,4
7277,25875,4
5605,25875,4
7970,25875,2
4280,25875,4
4891,25875,3
7676,25875,4
2310,25875,3
762,25875,5
1558,25875,2
384,25875,1
9725,25875,1
5617,25875,4
7229,25875,4
4733,25875,5
4751,25875,2
353,25875,3
4006,25875,5
9091,25875,1
5995,25875,2
6457,25875,2
5346,25876,4
4299,25876,5
2726,25876,3
3367,25876,1
4895,25876,5
8323,25876,4
756,25876,1
7564,25876,1
2428,25876,3
4522,25876,3
4783,25876,5
1331,25876,1
4499,25876,4
9558,25876,1
4227,25876,5
2946,25876,5
1548,25876,1
7038,25876,1
4649,25876,2
5093,25876,2
915,25877,1
8181,25877,3
683,25877,4
4356,25877,3
5928,25877,2
1877,25877,3
1341,25877,5
6208,25877,3
5405,25877,4
853,25877,1
3336,25877,5
5225,25877,2
7018,25877,4
2072,25877,1
1797,25877,3
6009,25877,2
2771,25877,1
3174,25877,4
2408,25877,1
6555,25877,3
5227,25878,3
8099,25878,5
959,25878,1
773,25878,3
5679,25878,2
1060,25878,3
4710,25878,1
8770,25878,2
1999,25878,4
5277,25878,3
5375,25878,3
2105,25878,4
604,25878,5
5662,25878,3
5222,25878,2
6724,25878,3
2826,25878,3
3040,25878,4
9166,25878,5
1808,25878,2
872,25879,2
7201,25879,4
287,25879,2
2943,25879,4
2008,25879,3
4321,25879,5
2108,25879,3
9226,25879,2
3191,25879,5
2735,25879,3
1850,25879,1
3106,25879,3
6566,25879,5
1506,25879,1
4304,25879,2
7888,25879,4
9310,25879,4
4636,25879,3
27,25879,5
1358,25879,1
4729,25969,5
9889,25969,4
8546,25969,4
906,25969,4
9375,25969,5
8332,25969,3
26,25969,3
794,25969,2
4388,25969,2
507,25969,4
9922,25969,3
2957,25969,2
4168,25969,1
9846,25969,4
4208,25969,1
9078,25969,2
9284,25969,5
2302,25969,4
6482,25969,1
9293,25969,5
2356,25970,3
6867,25970,2
5649,25970,1
5275,25970,2
3223,25970,4
7279,25970,4
1750,25970,4
6733,25970,4
5132,25970,1
6919,25970,4
6214,25970,3
803,25970,2
3868,25970,5
7543,25970,2
5905,25970,3
6055,25970,3
6920,25970,5
3512,25970,2
1677,25970,1
3163,25970,1
8042,25971,4
1103,25971,2
69,25971,3
5785,25971,5
658,25971,1
2958,25971,1
7766,25971,3
1949,25971,1
8186,25971,1
3478,25971,5
9932,25971,1
4094,25971,1
5313,25971,4
1874,25971,4
7034,25971,4
5010,25971,5
633,25971,5
7690,25971,4
61,25971,4
4661,25971,4
1412,25972,2
1786,25972,3
8590,25972,1
3754,25972,4
2398,25972,1
3764,25972,5
9698,25972,2
7098,25972,4
9584,25972,5
7904,25972,2
9661,25972,2
1444,25972,5
8380,25972,5
3270,25972,3
9546,25972,2
8486,25972,4
2961,25972,1
3082,25972,5
1807,25972,2
1482,25972,1
3748,25973,3
8179,25973,3
7091,25973,2
6249,25973,5
249,25973,5
5664,25973,3
3693,25973,4
9736,25973,4
3350,25973,3
1863,25973,4
4573,25973,1
7399,25973,1
5455,25973,2
3950,25973,3
7591,25973,2
3878,25973,3
7352,25973,4
1450,25973,3
9895,25973,2
6578,25973,1
2082,25974,1
7881,25974,1
3892,25974,1
72,25974,5
6781,25974,4
1793,25974,3
5869,25974,2
280,25974,2
2000,25974,2
3634,25974,3
966,25974,1
5880,25974,4
8090,25974,1
6324,25974,1
8955,25974,2
2257,25974,5
1336,25974,4
6647,25974,4
2141,25974,5
2957,25974,3
1052,25975,4
2461,25975,2
772,25975,3
6006,25975,5
1200,25975,5
4746,25975,3
1780,25975,2
3764,25975,4
8471,25975,2
4293,25975,3
5951,25975,2
610,25975,5
1640,25975,2
5790,25975,2
2514,25975,3
3417,25975,1
341,25975,1
4185,25975,1
818,25975,5
8619,25975,1
7156,25976,2
2319,25976,4
8999,25976,3
8014,25976,2
4524,25976,1
3785,25976,5
3802,25976,3
2629,25976,5
6125,25976,4
2802,25976,3
2729,25976,2
2186,25976,3
6421,25976,5
4326,25976,5
1009,25976,1
199,25976,3
6168,25976,5
1784,25976,4
4973,25976,2
6525,25976,1
8203,25977,1
866,25977,5
489,25977,4
6513,25977,2
367,25977,2
3684,25977,2
763,25977,5
7344,25977,1
9324,25977,4
441,25977,2
8466,25977,2
1822,25977,3
8281,25977,1
2839,25977,1
7342,25977,5
7162,25977,4
8994,25977,2
4054,25977,1
4460,25977,1
5446,25977,2
5011,25978,3
6044,25978,1
6131,25978,2
3197,25978,4
6525,25978,4
9363,25978,3
6716,25978,4
822,25978,3
4616,25978,1
9467,25978,3
1067,25978,1
142,25978,5
3954,25978,5
5232,25978,4
8502,25978,5
4434,25978,2
1058,25978,4
8876,25978,2
7344,25978,2
1132,25978,2
8417,25979,4
6001,25979,5
8695,25979,1
4551,25979,5
7239,25979,3
9876,25979,4
9654,25979,3
9565,25979,3
2686,25979,1
6390,25979,2
4983,25979,3
4093,25979,4
2190,25979,2
7601,25979,4
1227,25979,1
2302,25979,4
5970,25979,3
2310,25979,5
933,25979,3
7449,25979,1
3768,26085,3
9213,26085,3
1714,26085,5
2701,26085,4
2172,26085,4
230,26085,3
9489,26085,4
6187,26085,5
9404,26085,5
470,26085,1
1056,26085,1
9794,26085,2
4824,26085,5
8677,26085,3
8240,26085,4
578,26085,3
1442,26085,3
7186,26085,1
3376,26085,5
6846,26085,2
1375,26086,1
1838,26086,5
1405,26086,5
237,26086,3
9351,26086,1
312,26086,2
74,26086,3
3440,26086,3
2620,26086,1
7085,26086,5
2302,26086,1
3938,26086,1
1485,26086,2
6176,26086,4
3155,26086,5
2127,26086,3
336,26086,1
7002,26086,1
3632,26086,1
545,26086,5
6984,26087,1
305,26087,3
3678,26087,3
9184,26087,4
1076,26087,3
6247,26087,4
254,26087,5
415,26087,4
170,26087,1
2318,26087,4
9375,26087,1
7339,26087,3
1443,26087,4
3923,26087,2
3155,26087,4
9389,26087,5
2266,26087,4
9114,26087,3
9634,26087,1
8238,26087,1
5639,26088,5
8097,26088,5
2453,26088,4
5686,26088,5
8104,26088,5
6846,26088,2
1007,26088,2
9518,26088,4
7366,26088,1
445,26088,1
6034,26088,4
2036,26088,3
9226,26088,3
3716,26088,1
2432,26088,4
2326,26088,1
1301,26088,3
6828,26088,1
2699,26088,2
737,26088,2
2481,26089,5
2847,26089,1
433,26089,2
8691,26089,2
3526,26089,1
452,26089,4
4262,26089,4
962,26089,5
940,26089,2
5262,26089,5
6216,26089,5
1301,26089,1
4427,26089,5
5670,26089,3
5404,26089,2
6405,26089,5
6637,26089,4
1531,26089,1
3634,26089,3
7863,26089,1
1260,26090,5
9534,26090,3
478,26090,1
2733,26090,4
9788,26090,1
7420,26090,2
4563,26090,4
2619,26090,5
7007,26090,2
8188,26090,2
6024,26090,2
6835,26090,3
1414,26090,5
2891,26090,4
9513,26090,2
7524,26090,1
7944,26090,1
9163,26090,1
5562,26090,5
5115,26090,5
6034,26482,3
2364,26482,2
342,26482,1
973,26482,3
8758,26482,5
2737,26482,1
3699,26482,3
2142,26482,4
8515,26482,4
2630,26482,1
3775,26482,2
7315,26482,5
3343,26482,1
8787,26482,2
940,26482,1
9117,26482,3
7933,26482,3
4019,26482,4
3066,26482,3
8602,26482,3
4121,26606,2
8785,26606,3
2547,26606,3
1996,26606,1
1133,26606,1
6986,26606,1
2364,26606,5
1726,26606,5
700,26606,2
9128,26606,5
2859,26606,3
9755,26606,4
7148,26606,3
7778,26606,2
5578,26606,4
2088,26606,2
6685,26606,2
4097,26606,1
5455,26606,2
8786,26606,5
7863,26691,1
561,26691,5
599,26691,2
7392,26691,5
2172,26691,1
1380,26691,1
994,26691,4
8420,26691,2
6675,26691,5
4072,26691,1
6405,26691,5
4264,26691,3
4128,26691,1
1570,26691,5
3235,26691,4
6067,26691,2
8481,26691,4
6293,26691,2
5351,26691,4
5786,26691,3
3508,26692,3
7020,26692,1
3487,26692,4
781,26692,2
7257,26692,4
4897,26692,3
4128,26692,1
578,26692,1
6470,26692,2
9907,26692,3
6115,26692,4
2670,26692,4
3138,26692,3
7700,26692,3
1546,26692,5
6514,26692,3
3710,26692,3
1321,26692,4
4008,26692,4
9995,26692,4
3423,26848,2
9109,26848,5
593,26848,2
141,26848,5
3369,26848,5
2506,26848,4
6829,26848,5
1990,26848,3
9427,26848,3
9921,26848,2
6333,26848,4
983,26848,4
5960,26848,1
1734,26848,1
2554,26848,2
9221,26848,3
2361,26848,4
275,26848,5
6846,26848,2
1672,26848,4
3708,26849,1
2220,26849,5
7761,26849,3
6971,26849,3
1253,26849,3
8067,26849,2
2461,26849,3
7897,26849,5
6460,26849,3
8958,26849,4
5758,26849,1
7282,26849,5
6912,26849,4
7826,26849,2
1779,26849,4
6929,26849,3
4820,26849,5
1843,26849,3
1808,26849,1
2175,26849,3
347,26850,5
2600,26850,2
320,26850,1
1290,26850,2
5601,26850,2
2951,26850,2
3237,26850,1
9254,26850,4
3256,26850,4
1131,26850,5
8217,26850,3
4506,26850,3
2422,26850,4
6690,26850,4
1907,26850,4
6087,26850,1
8216,26850,1
7243,26850,2
20,26850,2
1398,26850,4
1204,26851,5
3571,26851,3
2970,26851,5
6276,26851,5
2073,26851,2
8133,26851,5
6298,26851,2
7658,26851,5
3858,26851,5
4227,26851,3
5531,26851,2
6454,26851,2
4524,26851,3
7041,26851,4
3077,26851,5
3116,26851,5
6604,26851,5
2522,26851,3
3566,26851,1
9977,26851,2
1357,26852,3
9606,26852,3
9084,26852,4
2080,26852,3
3344,26852,4
3868,26852,3
2385,26852,1
436,26852,3
7859,26852,1
8849,26852,1
3687,26852,5
3520,26852,4
7374,26852,3
8279,26852,2
6662,26852,5
7337,26852,3
3055,26852,3
5275,26852,3
9857,26852,2
5172,26852,2
4140,26853,5
3744,26853,1
3130,26853,5
435,26853,2
9484,26853,4
2530,26853,5
5491,26853,2
7054,26853,1
7151,26853,2
2126,26853,5
7755,26853,4
4178,26853,3
8397,26853,1
8505,26853,1
2685,26853,1
6173,26853,5
1339,26853,2
694,26853,1
2201,26853,4
7056,26853,3
7644,26854,1
8893,26854,1
9746,26854,5
7147,26854,3
8176,26854,1
4602,26854,2
2246,26854,5
6183,26854,4
3456,26854,1
1541,26854,3
7562,26854,5
1271,26854,5
8402,26854,4
4265,26854,1
5698,26854,3
6185,26854,4
4269,26854,3
6027,26854,4
5879,26854,3
1690,26854,3
